"epoch","total cpu usage",,,,,,"cpu0 usage",,,,,,"cpu1 usage",,,,,,"cpu2 usage",,,,,,"cpu3 usage",,,,,,"cpu4 usage",,,,,,"cpu5 usage",,,,,,"cpu6 usage",,,,,,"cpu7 usage",,,,,,"memory usage",,,,"dsk/sda",,"sda","dsk/sda",
"epoch","usr","sys","idl","wai","hiq","siq","usr","sys","idl","wai","hiq","siq","usr","sys","idl","wai","hiq","siq","usr","sys","idl","wai","hiq","siq","usr","sys","idl","wai","hiq","siq","usr","sys","idl","wai","hiq","siq","usr","sys","idl","wai","hiq","siq","usr","sys","idl","wai","hiq","siq","usr","sys","idl","wai","hiq","siq","ps","ps_mem","cach","free","read","writ","util","reads","writs"
1519468388.730,0.682,0.567,98.505,0.243,0.0,0.003,0.671,0.543,98.540,0.241,0.0,0.004,0.918,0.575,98.269,0.235,0.0,0.003,0.641,0.540,98.567,0.249,0.0,0.003,0.628,0.564,98.566,0.238,0.0,0.003,0.654,0.591,98.505,0.246,0.0,0.003,0.668,0.593,98.497,0.239,0.0,0.003,0.662,0.563,98.522,0.250,0.0,0.003,0.609,0.571,98.572,0.245,0.0,0.003,0.0,0.0,294162432.0,49309569024.0,20775.972,49338.470,1.862,0.580,2.631
1519468390.358,1.542,1.542,79.029,17.887,0.0,0.0,0.0,1.250,93.750,5.0,0.0,0.0,0.617,0.617,91.358,7.407,0.0,0.0,0.617,1.235,96.296,1.852,0.0,0.0,0.610,1.829,95.122,2.439,0.0,0.0,7.362,2.454,26.994,63.190,0.0,0.0,0.617,0.617,88.889,9.877,0.0,0.0,1.227,1.840,55.828,41.104,0.0,0.0,1.220,3.049,84.146,11.585,0.0,0.0,0.0,0.0,299880448.0,49295495168.0,344064.0,172032.0,17.200,20.0,5.0
1519468390.731,5.0,3.0,74.0,18.0,0.0,0.0,0.0,2.703,97.297,0.0,0.0,0.0,0.0,2.632,78.947,18.421,0.0,0.0,29.730,5.405,64.865,0.0,0.0,0.0,2.632,2.632,65.789,28.947,0.0,0.0,2.778,0.0,0.0,97.222,0.0,0.0,0.0,5.405,91.892,2.703,0.0,0.0,2.778,0.0,97.222,0.0,0.0,0.0,5.263,2.632,92.105,0.0,0.0,0.0,0.0,0.0,300314624.0,49295138816.0,1290240.0,159744.0,37.600,232.0,12.0
1519468391.730,2.760,3.639,77.666,15.935,0.0,0.0,0.0,3.030,85.859,11.111,0.0,0.0,2.0,2.0,81.0,15.0,0.0,0.0,1.0,2.0,77.0,20.0,0.0,0.0,2.0,2.0,85.0,11.0,0.0,0.0,2.970,6.931,51.485,38.614,0.0,0.0,1.980,2.970,93.069,1.980,0.0,0.0,10.891,5.941,60.396,22.772,0.0,0.0,1.031,5.155,87.629,6.186,0.0,0.0,0.0,0.0,303149056.0,49288093696.0,3190784.0,102400.0,85.600,186.0,12.0
1519468392.731,2.258,2.760,77.541,17.440,0.0,0.0,0.0,1.020,95.918,3.061,0.0,0.0,0.0,0.990,49.505,49.505,0.0,0.0,1.0,2.0,97.0,0.0,0.0,0.0,0.0,1.980,56.436,41.584,0.0,0.0,2.020,4.040,90.909,3.030,0.0,0.0,2.020,7.071,55.556,35.354,0.0,0.0,11.111,4.040,81.818,3.030,0.0,0.0,0.990,1.980,93.069,3.960,0.0,0.0,9617408.0,5663744.0,308039680.0,49289416704.0,6266880.0,344064.0,100.800,125.0,52.0
1519468393.731,2.010,1.256,84.548,12.186,0.0,0.0,0.0,2.020,97.980,0.0,0.0,0.0,1.010,0.0,98.990,0.0,0.0,0.0,0.0,0.0,100.0,0.0,0.0,0.0,2.020,1.010,0.0,96.970,0.0,0.0,0.0,0.0,100.0,0.0,0.0,0.0,2.0,1.0,97.0,0.0,0.0,0.0,0.0,2.020,97.980,0.0,0.0,0.0,12.0,2.0,86.0,0.0,0.0,0.0,16633856.0,9795072.0,317243392.0,49278115840.0,7000064.0,3047424.0,106.0,157.0,31.0
1519468394.731,2.760,2.258,83.061,11.794,0.0,0.125,0.0,0.0,96.0,4.0,0.0,0.0,1.010,1.010,90.909,7.071,0.0,0.0,0.0,2.0,98.0,0.0,0.0,0.0,2.0,7.0,21.0,70.0,0.0,0.0,2.0,1.0,95.0,2.0,0.0,0.0,12.0,3.0,80.0,5.0,0.0,0.0,0.0,0.990,98.020,0.990,0.0,0.0,4.0,5.0,84.0,7.0,0.0,0.0,52006912.0,45034496.0,333156352.0,49229860864.0,14446592.0,81920.0,61.200,220.0,11.0
1519468395.731,3.639,8.407,86.826,1.129,0.0,0.0,2.970,1.980,95.050,0.0,0.0,0.0,0.0,1.0,94.0,5.0,0.0,0.0,1.010,3.030,95.960,0.0,0.0,0.0,3.030,38.384,55.556,3.030,0.0,0.0,5.051,15.152,78.788,1.010,0.0,0.0,13.0,3.0,84.0,0.0,0.0,0.0,4.040,1.010,94.949,0.0,0.0,0.0,0.0,2.020,97.980,0.0,0.0,0.0,56655872.0,47329280.0,333750272.0,49221935104.0,528384.0,122880.0,8.800,14.0,10.0
1519468396.731,2.378,1.377,95.745,0.501,0.0,0.0,0.0,2.020,97.980,0.0,0.0,0.0,1.0,1.0,94.0,4.0,0.0,0.0,1.0,1.0,98.0,0.0,0.0,0.0,0.0,1.010,98.990,0.0,0.0,0.0,2.0,3.0,95.0,0.0,0.0,0.0,13.0,2.0,85.0,0.0,0.0,0.0,0.990,1.980,97.030,0.0,0.0,0.0,1.0,0.0,99.0,0.0,0.0,0.0,56655872.0,47334400.0,333766656.0,49222664192.0,0.0,69632.0,4.0,0.0,7.0
1519468397.731,6.784,2.889,89.698,0.628,0.0,0.0,1.010,1.010,97.980,0.0,0.0,0.0,14.0,3.0,80.0,3.0,0.0,0.0,0.0,0.0,100.0,0.0,0.0,0.0,0.0,2.0,98.0,0.0,0.0,0.0,16.667,6.863,75.490,0.980,0.0,0.0,1.010,1.010,97.980,0.0,0.0,0.0,20.408,8.163,70.408,1.020,0.0,0.0,1.0,1.0,98.0,0.0,0.0,0.0,62947328.0,53661696.0,337559552.0,49212739584.0,5222400.0,77824.0,13.600,48.0,7.0
1519468398.730,11.375,5.125,82.125,1.375,0.0,0.0,0.0,0.0,100.0,0.0,0.0,0.0,13.131,5.051,74.747,7.071,0.0,0.0,0.990,0.990,97.030,0.990,0.0,0.0,2.0,1.0,94.0,3.0,0.0,0.0,19.0,7.0,74.0,0.0,0.0,0.0,0.990,0.990,97.030,0.0,0.0,0.990,56.0,23.0,21.0,0.0,0.0,0.0,0.0,2.020,97.980,0.0,0.0,0.0,104472576.0,99373056.0,341032960.0,49171054592.0,2031616.0,253952.0,10.0,16.0,14.0
1519468399.731,7.375,4.125,87.625,0.875,0.0,0.0,12.0,4.0,84.0,0.0,0.0,0.0,0.0,2.020,94.949,3.030,0.0,0.0,0.0,1.0,99.0,0.0,0.0,0.0,1.020,1.020,94.898,3.061,0.0,0.0,0.980,1.961,97.059,0.0,0.0,0.0,1.010,1.010,97.980,0.0,0.0,0.0,42.574,20.792,36.634,0.0,0.0,0.0,0.990,0.990,98.020,0.0,0.0,0.0,113111040.0,104010752.0,341024768.0,49157926912.0,0.0,86016.0,6.800,0.0,10.0
1519468400.730,5.500,3.750,83.0,7.750,0.0,0.0,1.980,1.980,95.050,0.990,0.0,0.0,14.141,4.040,62.626,19.192,0.0,0.0,1.010,2.020,93.939,3.030,0.0,0.0,1.0,3.0,79.0,17.0,0.0,0.0,14.286,6.122,73.469,6.122,0.0,0.0,2.020,1.010,94.949,2.020,0.0,0.0,7.921,11.881,71.287,8.911,0.0,0.0,1.010,1.010,94.949,3.030,0.0,0.0,120172544.0,115216384.0,342855680.0,49147838464.0,3698688.0,90112.0,46.400,84.0,10.0
1519468401.731,8.679,6.541,82.767,2.013,0.0,0.0,0.0,2.020,97.980,0.0,0.0,0.0,0.990,1.980,97.030,0.0,0.0,0.0,2.020,0.0,97.980,0.0,0.0,0.0,1.0,3.0,91.0,5.0,0.0,0.0,14.0,13.0,65.0,8.0,0.0,0.0,3.960,2.970,92.079,0.990,0.0,0.0,34.343,27.273,35.354,3.030,0.0,0.0,14.0,2.0,84.0,0.0,0.0,0.0,131719168.0,122712576.0,345358336.0,49134059520.0,2056192.0,69632.0,12.400,32.0,7.0
1519468402.731,10.440,4.906,81.509,3.019,0.0,0.126,0.0,0.0,100.0,0.0,0.0,0.0,1.010,1.010,91.919,6.061,0.0,0.0,0.0,2.020,97.980,0.0,0.0,0.0,0.0,1.0,88.0,11.0,0.0,0.0,65.657,28.283,6.061,0.0,0.0,0.0,13.265,6.122,80.612,0.0,0.0,0.0,0.0,0.0,91.919,8.081,0.0,0.0,2.0,2.0,96.0,0.0,0.0,0.0,140091392.0,130820096.0,348295168.0,49125040128.0,1667072.0,217088.0,21.200,29.0,19.0
1519468403.731,5.639,5.263,88.221,0.877,0.0,0.0,1.0,2.0,97.0,0.0,0.0,0.0,2.0,1.0,94.0,3.0,0.0,0.0,1.010,1.010,97.980,0.0,0.0,0.0,13.131,2.020,80.808,4.040,0.0,0.0,26.733,30.693,42.574,0.0,0.0,0.0,2.0,2.0,96.0,0.0,0.0,0.0,0.0,0.0,100.0,0.0,0.0,0.0,0.0,2.0,98.0,0.0,0.0,0.0,140247040.0,130962432.0,348311552.0,49122009088.0,0.0,81920.0,7.600,0.0,10.0
1519468404.731,2.387,1.131,96.482,0.0,0.0,0.0,1.020,2.041,96.939,0.0,0.0,0.0,14.0,3.0,83.0,0.0,0.0,0.0,1.0,3.0,96.0,0.0,0.0,0.0,1.0,1.0,98.0,0.0,0.0,0.0,1.0,1.0,98.0,0.0,0.0,0.0,0.0,0.0,100.0,0.0,0.0,0.0,0.990,0.990,98.020,0.0,0.0,0.0,0.0,0.0,100.0,0.0,0.0,0.0,140247040.0,130958336.0,348315648.0,49120198656.0,0.0,110592.0,10.800,0.0,10.0
1519468405.730,2.632,1.128,94.737,1.504,0.0,0.0,1.020,1.020,97.959,0.0,0.0,0.0,1.0,0.0,94.0,5.0,0.0,0.0,1.020,2.041,96.939,0.0,0.0,0.0,1.980,0.0,93.069,4.950,0.0,0.0,0.0,0.0,100.0,0.0,0.0,0.0,14.851,1.980,83.168,0.0,0.0,0.0,1.010,1.010,95.960,2.020,0.0,0.0,0.0,1.0,99.0,0.0,0.0,0.0,140247040.0,130957312.0,348323840.0,49119563776.0,0.0,16384.0,0.0,0.0,4.0
1519468406.731,2.513,1.884,95.101,0.503,0.0,0.0,1.010,1.010,97.980,0.0,0.0,0.0,3.0,3.0,94.0,0.0,0.0,0.0,1.0,2.0,97.0,0.0,0.0,0.0,0.0,0.0,96.907,3.093,0.0,0.0,13.0,3.0,84.0,0.0,0.0,0.0,1.010,4.040,94.949,0.0,0.0,0.0,0.0,0.0,100.0,0.0,0.0,0.0,0.980,1.961,96.078,0.980,0.0,0.0,140247040.0,130958336.0,348315648.0,49119162368.0,0.0,69632.0,3.200,0.0,7.0
1519468407.730,2.256,1.378,95.363,1.003,0.0,0.0,1.010,1.010,97.980,0.0,0.0,0.0,2.0,0.0,95.0,3.0,0.0,0.0,1.980,0.990,97.030,0.0,0.0,0.0,1.010,2.020,96.970,0.0,0.0,0.0,0.0,1.980,94.059,3.960,0.0,0.0,0.0,2.0,98.0,0.0,0.0,0.0,13.0,3.0,84.0,0.0,0.0,0.0,0.0,0.0,100.0,0.0,0.0,0.0,140247040.0,130957312.0,348319744.0,49118801920.0,8192.0,376832.0,19.200,2.0,35.0
1519468408.731,2.250,1.500,92.125,4.125,0.0,0.0,0.990,0.990,95.050,2.970,0.0,0.0,0.0,1.0,99.0,0.0,0.0,0.0,12.121,2.020,85.859,0.0,0.0,0.0,1.980,1.980,96.040,0.0,0.0,0.0,0.0,0.0,74.747,25.253,0.0,0.0,1.0,2.0,97.0,0.0,0.0,0.0,0.0,1.980,93.069,4.950,0.0,0.0,1.980,2.970,95.050,0.0,0.0,0.0,140247040.0,130958336.0,348336128.0,49118420992.0,0.0,94208.0,22.400,0.0,10.0
1519468409.731,2.136,1.005,95.980,0.879,0.0,0.0,0.0,0.0,100.0,0.0,0.0,0.0,0.0,2.0,98.0,0.0,0.0,0.0,1.0,0.0,99.0,0.0,0.0,0.0,1.0,1.0,98.0,0.0,0.0,0.0,0.0,2.0,94.0,4.0,0.0,0.0,13.131,3.030,83.838,0.0,0.0,0.0,1.0,0.0,95.0,4.0,0.0,0.0,0.0,1.010,98.990,0.0,0.0,0.0,140247040.0,130961408.0,348340224.0,49119055872.0,0.0,86016.0,7.600,0.0,10.0
1519468410.731,2.005,1.504,96.366,0.125,0.0,0.0,0.0,1.0,98.0,1.0,0.0,0.0,1.0,3.0,96.0,0.0,0.0,0.0,0.0,0.0,100.0,0.0,0.0,0.0,0.0,0.0,100.0,0.0,0.0,0.0,1.0,0.0,99.0,0.0,0.0,0.0,1.0,1.0,98.0,0.0,0.0,0.0,13.131,4.040,82.828,0.0,0.0,0.0,1.0,1.0,98.0,0.0,0.0,0.0,140247040.0,130958336.0,348340224.0,49118547968.0,0.0,16384.0,0.0,0.0,4.0
1519468411.731,3.004,2.253,94.368,0.375,0.0,0.0,13.131,5.051,81.818,0.0,0.0,0.0,1.010,2.020,96.970,0.0,0.0,0.0,1.0,0.0,99.0,0.0,0.0,0.0,2.0,2.0,96.0,0.0,0.0,0.0,0.0,2.0,98.0,0.0,0.0,0.0,4.0,2.0,94.0,0.0,0.0,0.0,1.0,3.0,93.0,3.0,0.0,0.0,1.010,1.010,97.980,0.0,0.0,0.0,140247040.0,130961408.0,348340224.0,49118371840.0,0.0,77824.0,4.0,0.0,7.0
1519468412.731,2.138,1.006,95.975,0.881,0.0,0.0,0.0,1.010,98.990,0.0,0.0,0.0,1.010,0.0,95.960,3.030,0.0,0.0,13.0,3.0,84.0,0.0,0.0,0.0,0.0,0.0,95.960,4.040,0.0,0.0,1.0,0.0,99.0,0.0,0.0,0.0,1.010,2.020,96.970,0.0,0.0,0.0,0.0,2.0,98.0,0.0,0.0,0.0,1.0,1.0,98.0,0.0,0.0,0.0,140255232.0,130958336.0,348340224.0,49119944704.0,0.0,192512.0,8.800,0.0,13.0
1519468413.731,2.130,1.253,95.614,1.003,0.0,0.0,0.990,0.990,98.020,0.0,0.0,0.0,13.861,2.970,83.168,0.0,0.0,0.0,1.0,4.0,95.0,0.0,0.0,0.0,1.0,1.0,98.0,0.0,0.0,0.0,0.0,1.010,91.919,7.071,0.0,0.0,1.0,0.0,99.0,0.0,0.0,0.0,0.0,0.0,100.0,0.0,0.0,0.0,1.010,0.0,98.990,0.0,0.0,0.0,140255232.0,130968576.0,348344320.0,49118801920.0,0.0,196608.0,8.400,0.0,33.0
1519468414.731,2.256,1.629,95.238,0.877,0.0,0.0,1.0,2.0,97.0,0.0,0.0,0.0,0.0,0.0,100.0,0.0,0.0,0.0,0.0,1.0,99.0,0.0,0.0,0.0,1.0,0.0,99.0,0.0,0.0,0.0,0.0,2.020,93.939,4.040,0.0,0.0,11.0,4.0,85.0,0.0,0.0,0.0,1.980,2.970,90.099,4.950,0.0,0.0,0.0,1.0,99.0,0.0,0.0,0.0,140255232.0,130958336.0,348344320.0,49119563776.0,0.0,81920.0,8.0,0.0,10.0
1519468415.730,2.133,1.255,96.612,0.0,0.0,0.0,1.0,1.0,98.0,0.0,0.0,0.0,1.0,0.0,99.0,0.0,0.0,0.0,12.245,5.102,82.653,0.0,0.0,0.0,0.0,0.0,100.0,0.0,0.0,0.0,0.990,0.990,98.020,0.0,0.0,0.0,0.0,0.0,100.0,0.0,0.0,0.0,2.020,3.030,94.949,0.0,0.0,0.0,0.990,0.990,98.020,0.0,0.0,0.0,140255232.0,130958336.0,348344320.0,49119563776.0,0.0,16384.0,0.400,0.0,4.0
1519468416.731,2.138,2.138,94.969,0.629,0.0,0.126,3.061,5.102,91.837,0.0,0.0,0.0,0.0,2.020,97.980,0.0,0.0,0.0,0.0,0.0,100.0,0.0,0.0,0.0,0.0,1.010,97.980,0.0,0.0,1.010,0.0,0.0,95.918,4.082,0.0,0.0,12.0,4.0,84.0,0.0,0.0,0.0,1.0,2.0,97.0,0.0,0.0,0.0,0.0,2.020,97.980,0.0,0.0,0.0,140255232.0,130957312.0,348344320.0,49119338496.0,0.0,73728.0,4.400,0.0,7.0
1519468417.731,1.887,1.258,95.723,1.132,0.0,0.0,0.0,1.010,98.990,0.0,0.0,0.0,0.990,1.980,93.069,3.960,0.0,0.0,1.0,2.0,97.0,0.0,0.0,0.0,0.0,0.0,94.949,5.051,0.0,0.0,0.0,1.010,98.990,0.0,0.0,0.0,0.0,1.010,98.990,0.0,0.0,0.0,1.010,1.010,97.980,0.0,0.0,0.0,12.121,3.030,84.848,0.0,0.0,0.0,140255232.0,130958336.0,348340224.0,49118801920.0,0.0,192512.0,10.400,0.0,13.0
1519468418.731,2.381,1.128,95.489,1.003,0.0,0.0,1.0,0.0,99.0,0.0,0.0,0.0,0.0,0.0,100.0,0.0,0.0,0.0,0.0,0.0,100.0,0.0,0.0,0.0,0.990,0.0,99.010,0.0,0.0,0.0,15.0,2.0,79.0,4.0,0.0,0.0,0.0,0.0,99.0,1.0,0.0,0.0,1.961,0.980,93.137,3.922,0.0,0.0,2.0,5.0,93.0,0.0,0.0,0.0,140255232.0,130957312.0,348348416.0,49119182848.0,0.0,184320.0,7.600,0.0,23.0
1519468419.731,2.136,1.131,95.854,0.879,0.0,0.0,0.0,1.0,99.0,0.0,0.0,0.0,0.0,0.0,100.0,0.0,0.0,0.0,0.0,1.010,98.990,0.0,0.0,0.0,0.0,0.0,100.0,0.0,0.0,0.0,2.0,1.0,94.0,3.0,0.0,0.0,1.010,1.010,97.980,0.0,0.0,0.0,13.265,2.041,81.633,3.061,0.0,0.0,1.010,2.020,96.970,0.0,0.0,0.0,140255232.0,130957312.0,348340224.0,49119006720.0,0.0,94208.0,6.800,0.0,10.0
1519468420.731,2.008,1.380,96.612,0.0,0.0,0.0,0.0,0.0,100.0,0.0,0.0,0.0,1.0,0.0,99.0,0.0,0.0,0.0,0.990,3.960,95.050,0.0,0.0,0.0,0.0,0.990,99.010,0.0,0.0,0.0,1.020,2.041,96.939,0.0,0.0,0.0,0.0,0.990,99.010,0.0,0.0,0.0,0.0,1.010,98.990,0.0,0.0,0.0,11.881,2.970,85.149,0.0,0.0,0.0,140255232.0,130957312.0,348348416.0,49118547968.0,0.0,16384.0,0.0,0.0,4.0
1519468421.730,2.381,2.256,94.862,0.376,0.0,0.125,1.0,2.0,97.0,0.0,0.0,0.0,0.0,4.0,96.0,0.0,0.0,0.0,2.020,3.030,94.949,0.0,0.0,0.0,12.121,4.040,83.838,0.0,0.0,0.0,1.010,2.020,93.939,3.030,0.0,0.0,0.0,1.020,98.980,0.0,0.0,0.0,0.990,3.960,95.050,0.0,0.0,0.0,1.010,0.0,98.990,0.0,0.0,0.0,140255232.0,130979840.0,348348416.0,49120608256.0,0.0,81920.0,3.200,0.0,7.0
1519468422.731,2.128,1.252,94.618,2.003,0.0,0.0,0.0,0.0,100.0,0.0,0.0,0.0,0.0,0.0,92.0,8.0,0.0,0.0,11.881,3.960,84.158,0.0,0.0,0.0,1.0,1.0,91.0,7.0,0.0,0.0,1.010,0.0,98.990,0.0,0.0,0.0,1.0,0.0,99.0,0.0,0.0,0.0,2.0,3.0,95.0,0.0,0.0,0.0,1.010,1.010,97.980,0.0,0.0,0.0,140255232.0,130975744.0,348327936.0,49121644544.0,0.0,221184.0,16.400,0.0,19.0
1519468423.731,2.261,1.131,95.603,1.005,0.0,0.0,1.010,2.020,96.970,0.0,0.0,0.0,1.0,0.0,97.0,2.0,0.0,0.0,0.0,0.0,100.0,0.0,0.0,0.0,0.0,0.0,93.939,6.061,0.0,0.0,1.0,2.0,97.0,0.0,0.0,0.0,0.0,0.0,100.0,0.0,0.0,0.0,2.020,1.010,96.970,0.0,0.0,0.0,13.0,2.0,85.0,0.0,0.0,0.0,140255232.0,130980864.0,348340224.0,49121292288.0,0.0,176128.0,12.0,0.0,30.0
1519468424.731,2.013,1.132,96.226,0.629,0.0,0.0,13.131,2.020,84.848,0.0,0.0,0.0,0.0,0.990,96.040,2.970,0.0,0.0,2.0,2.0,96.0,0.0,0.0,0.0,0.0,0.0,100.0,0.0,0.0,0.0,0.0,1.020,98.980,0.0,0.0,0.0,0.0,0.0,98.0,2.0,0.0,0.0,0.0,2.020,97.980,0.0,0.0,0.0,0.0,2.0,98.0,0.0,0.0,0.0,140255232.0,130975744.0,348348416.0,49120911360.0,8192.0,16384.0,1.600,2.0,4.0
1519468425.731,2.258,1.506,96.236,0.0,0.0,0.0,0.990,3.960,95.050,0.0,0.0,0.0,0.0,0.0,100.0,0.0,0.0,0.0,0.0,1.010,98.990,0.0,0.0,0.0,0.0,2.0,98.0,0.0,0.0,0.0,1.0,2.0,97.0,0.0,0.0,0.0,1.0,0.0,99.0,0.0,0.0,0.0,2.0,2.0,96.0,0.0,0.0,0.0,14.141,2.020,83.838,0.0,0.0,0.0,140255232.0,130958336.0,348356608.0,49121181696.0,0.0,16384.0,0.400,0.0,4.0
1519468426.731,2.509,1.506,95.609,0.376,0.0,0.0,1.010,4.040,94.949,0.0,0.0,0.0,13.265,1.020,82.653,3.061,0.0,0.0,0.0,0.0,100.0,0.0,0.0,0.0,1.980,0.0,98.020,0.0,0.0,0.0,1.0,3.0,96.0,0.0,0.0,0.0,1.010,0.0,98.990,0.0,0.0,0.0,0.0,1.0,99.0,0.0,0.0,0.0,1.020,1.020,97.959,0.0,0.0,0.0,140255232.0,130920448.0,348356608.0,49119309824.0,0.0,81920.0,3.600,0.0,7.0
1519468427.731,2.509,1.882,94.605,1.004,0.0,0.0,13.131,1.010,85.859,0.0,0.0,0.0,1.0,2.0,92.0,5.0,0.0,0.0,0.990,2.970,96.040,0.0,0.0,0.0,1.980,1.980,92.079,3.960,0.0,0.0,0.0,0.0,100.0,0.0,0.0,0.0,1.980,3.960,94.059,0.0,0.0,0.0,1.980,3.960,94.059,0.0,0.0,0.0,0.990,0.990,98.020,0.0,0.0,0.0,140255232.0,130959360.0,348340224.0,49118117888.0,0.0,262144.0,17.600,0.0,19.0
1519468428.731,2.133,1.129,95.483,1.255,0.0,0.0,1.980,0.990,97.030,0.0,0.0,0.0,1.0,2.0,93.0,4.0,0.0,0.0,1.010,0.0,98.990,0.0,0.0,0.0,0.0,0.0,94.949,5.051,0.0,0.0,12.121,3.030,84.848,0.0,0.0,0.0,0.0,0.0,100.0,0.0,0.0,0.0,1.0,2.0,97.0,0.0,0.0,0.0,0.0,1.0,99.0,0.0,0.0,0.0,140255232.0,130958336.0,348356608.0,49119563776.0,0.0,172032.0,7.600,0.0,23.0
1519468429.731,2.005,1.253,95.739,1.003,0.0,0.0,1.010,0.0,98.990,0.0,0.0,0.0,1.0,3.0,92.0,4.0,0.0,0.0,0.0,0.0,100.0,0.0,0.0,0.0,1.010,1.010,93.939,4.040,0.0,0.0,0.0,0.0,100.0,0.0,0.0,0.0,0.0,1.0,99.0,0.0,0.0,0.0,11.111,3.030,85.859,0.0,0.0,0.0,1.0,1.0,98.0,0.0,0.0,0.0,140255232.0,130958336.0,348348416.0,49119944704.0,0.0,20480.0,0.0,0.0,6.0
1519468430.731,3.019,2.642,94.088,0.252,0.0,0.0,2.020,2.020,95.960,0.0,0.0,0.0,2.0,3.0,95.0,0.0,0.0,0.0,14.0,6.0,80.0,0.0,0.0,0.0,0.0,3.0,97.0,0.0,0.0,0.0,0.0,1.010,98.990,0.0,0.0,0.0,2.0,5.0,91.0,2.0,0.0,0.0,2.0,0.0,98.0,0.0,0.0,0.0,2.041,1.020,96.939,0.0,0.0,0.0,140255232.0,130958336.0,348688384.0,49119731712.0,335872.0,16384.0,2.0,4.0,4.0
1519468431.731,2.381,1.629,95.489,0.501,0.0,0.0,1.980,1.980,96.040,0.0,0.0,0.0,12.0,4.0,80.0,4.0,0.0,0.0,1.010,2.020,96.970,0.0,0.0,0.0,2.0,0.0,98.0,0.0,0.0,0.0,1.0,1.0,98.0,0.0,0.0,0.0,0.0,1.0,99.0,0.0,0.0,0.0,0.0,2.020,97.980,0.0,0.0,0.0,1.010,2.020,96.970,0.0,0.0,0.0,140255232.0,130958336.0,348692480.0,49118674944.0,0.0,81920.0,4.400,0.0,7.0
1519468432.731,2.138,1.761,95.094,1.006,0.0,0.0,1.020,2.041,96.939,0.0,0.0,0.0,0.0,0.0,95.050,4.950,0.0,0.0,12.371,2.062,85.567,0.0,0.0,0.0,1.0,3.0,93.0,3.0,0.0,0.0,1.010,1.010,97.980,0.0,0.0,0.0,0.0,1.010,98.990,0.0,0.0,0.0,0.980,2.941,96.078,0.0,0.0,0.0,0.0,0.990,98.020,0.990,0.0,0.0,140255232.0,130958336.0,348684288.0,49118433280.0,0.0,188416.0,9.200,0.0,13.0
1519468433.731,2.258,1.380,94.981,1.380,0.0,0.0,1.0,2.0,97.0,0.0,0.0,0.0,0.0,1.0,96.0,3.0,0.0,0.0,1.0,2.0,97.0,0.0,0.0,0.0,1.010,0.0,92.929,6.061,0.0,0.0,0.0,2.041,97.959,0.0,0.0,0.0,1.0,1.0,97.0,1.0,0.0,0.0,13.131,4.040,82.828,0.0,0.0,0.0,1.010,0.0,98.990,0.0,0.0,0.0,140255232.0,130964480.0,348704768.0,49118752768.0,4096.0,188416.0,10.800,1.0,31.0
1519468434.731,2.010,1.256,95.352,1.382,0.0,0.0,0.0,0.0,100.0,0.0,0.0,0.0,1.010,0.0,95.960,3.030,0.0,0.0,1.0,1.0,98.0,0.0,0.0,0.0,1.0,3.0,88.0,8.0,0.0,0.0,0.0,0.0,100.0,0.0,0.0,0.0,1.0,2.0,97.0,0.0,0.0,0.0,1.010,0.0,98.990,0.0,0.0,0.0,12.121,3.030,84.848,0.0,0.0,0.0,140255232.0,130958336.0,348704768.0,49118244864.0,0.0,110592.0,10.800,0.0,10.0
1519468435.731,2.253,1.502,96.245,0.0,0.0,0.0,13.0,3.0,84.0,0.0,0.0,0.0,0.0,3.0,97.0,0.0,0.0,0.0,0.0,0.0,100.0,0.0,0.0,0.0,1.010,0.0,98.990,0.0,0.0,0.0,1.0,2.0,97.0,0.0,0.0,0.0,1.010,1.010,97.980,0.0,0.0,0.0,0.0,0.0,100.0,0.0,0.0,0.0,0.990,1.980,97.030,0.0,0.0,0.0,140255232.0,130958336.0,348717056.0,49118625792.0,0.0,16384.0,0.0,0.0,4.0
1519468436.731,1.761,1.887,95.849,0.503,0.0,0.0,0.0,1.010,98.990,0.0,0.0,0.0,0.0,2.020,93.939,4.040,0.0,0.0,0.0,1.020,98.980,0.0,0.0,0.0,0.0,2.970,97.030,0.0,0.0,0.0,13.131,4.040,82.828,0.0,0.0,0.0,0.0,2.970,97.030,0.0,0.0,0.0,0.0,1.010,98.990,0.0,0.0,0.0,0.0,1.010,98.990,0.0,0.0,0.0,140255232.0,130968576.0,348708864.0,49117687808.0,0.0,69632.0,4.400,0.0,7.0
1519468437.731,2.256,2.130,94.361,1.253,0.0,0.0,14.851,3.960,81.188,0.0,0.0,0.0,2.970,1.980,89.109,5.941,0.0,0.0,0.990,1.980,97.030,0.0,0.0,0.0,0.0,3.030,92.929,4.040,0.0,0.0,0.0,0.0,100.0,0.0,0.0,0.0,0.0,3.030,96.970,0.0,0.0,0.0,0.0,1.0,99.0,0.0,0.0,0.0,1.010,2.020,96.970,0.0,0.0,0.0,140255232.0,130959360.0,348708864.0,49119494144.0,0.0,184320.0,10.0,0.0,13.0
1519468438.731,2.133,1.255,95.483,1.129,0.0,0.0,1.0,1.0,98.0,0.0,0.0,0.0,1.0,2.0,93.0,4.0,0.0,0.0,11.340,3.093,85.567,0.0,0.0,0.0,3.030,1.010,92.929,3.030,0.0,0.0,0.0,1.010,98.990,0.0,0.0,0.0,0.990,1.980,96.040,0.990,0.0,0.0,1.0,0.0,99.0,0.0,0.0,0.0,0.0,0.990,99.010,0.0,0.0,0.0,140255232.0,130958336.0,348708864.0,49117863936.0,0.0,196608.0,8.0,0.0,33.0
1519468439.731,1.882,1.506,95.734,0.878,0.0,0.0,12.0,3.0,85.0,0.0,0.0,0.0,0.0,0.0,96.0,4.0,0.0,0.0,0.990,2.970,96.040,0.0,0.0,0.0,0.0,0.0,96.0,4.0,0.0,0.0,0.0,1.0,99.0,0.0,0.0,0.0,0.0,1.010,98.990,0.0,0.0,0.0,0.990,0.990,98.020,0.0,0.0,0.0,1.020,2.041,96.939,0.0,0.0,0.0,140255232.0,130958336.0,348717056.0,49118625792.0,0.0,118784.0,7.600,0.0,10.0
1519468440.731,2.122,1.623,96.255,0.0,0.0,0.0,0.0,3.030,96.970,0.0,0.0,0.0,0.0,1.010,98.990,0.0,0.0,0.0,1.0,0.0,99.0,0.0,0.0,0.0,0.0,0.990,99.010,0.0,0.0,0.0,12.121,3.030,84.848,0.0,0.0,0.0,1.980,1.980,96.040,0.0,0.0,0.0,0.0,3.0,97.0,0.0,0.0,0.0,0.990,0.990,98.020,0.0,0.0,0.0,140255232.0,130958336.0,348717056.0,49118973952.0,0.0,16384.0,0.400,0.0,4.0
1519468441.731,2.130,1.880,95.489,0.501,0.0,0.0,2.970,0.990,96.040,0.0,0.0,0.0,1.980,2.970,91.089,3.960,0.0,0.0,0.0,2.970,97.030,0.0,0.0,0.0,1.010,0.0,98.990,0.0,0.0,0.0,0.0,0.0,100.0,0.0,0.0,0.0,0.0,0.0,100.0,0.0,0.0,0.0,1.010,1.010,97.980,0.0,0.0,0.0,11.0,6.0,83.0,0.0,0.0,0.0,140255232.0,130959360.0,348717056.0,49118339072.0,0.0,77824.0,3.200,0.0,7.0
1519468442.731,2.378,2.003,94.493,1.126,0.0,0.0,12.121,4.040,83.838,0.0,0.0,0.0,1.010,1.010,92.929,5.051,0.0,0.0,1.961,1.961,96.078,0.0,0.0,0.0,1.0,3.0,93.0,3.0,0.0,0.0,2.0,1.0,97.0,0.0,0.0,0.0,0.0,1.010,98.990,0.0,0.0,0.0,1.0,2.0,97.0,0.0,0.0,0.0,0.0,2.020,97.980,0.0,0.0,0.0,140255232.0,130966528.0,348700672.0,49118466048.0,0.0,184320.0,9.200,0.0,13.0
1519468443.730,2.138,1.384,95.597,0.881,0.0,0.0,2.970,1.980,95.050,0.0,0.0,0.0,0.0,1.0,95.0,4.0,0.0,0.0,0.0,0.0,100.0,0.0,0.0,0.0,0.0,3.061,93.878,3.061,0.0,0.0,12.0,4.0,84.0,0.0,0.0,0.0,0.0,0.0,100.0,0.0,0.0,0.0,1.0,2.0,97.0,0.0,0.0,0.0,0.0,0.0,100.0,0.0,0.0,0.0,140255232.0,130985984.0,348717056.0,49119514624.0,0.0,90112.0,7.600,0.0,10.0
1519468444.731,1.880,1.378,95.865,0.877,0.0,0.0,0.0,2.041,97.959,0.0,0.0,0.0,0.0,0.990,95.050,3.960,0.0,0.0,12.121,2.020,85.859,0.0,0.0,0.0,1.0,0.0,96.0,3.0,0.0,0.0,0.0,2.0,98.0,0.0,0.0,0.0,0.990,0.0,98.020,0.990,0.0,0.0,0.0,0.0,100.0,0.0,0.0,0.0,2.0,2.0,96.0,0.0,0.0,0.0,140255232.0,130975744.0,348712960.0,49119862784.0,0.0,94208.0,6.800,0.0,10.0
1519468445.731,2.264,1.132,96.604,0.0,0.0,0.0,1.010,0.0,98.990,0.0,0.0,0.0,12.0,3.0,85.0,0.0,0.0,0.0,3.030,2.020,94.949,0.0,0.0,0.0,0.990,0.990,98.020,0.0,0.0,0.0,0.0,0.0,100.0,0.0,0.0,0.0,0.990,1.980,97.030,0.0,0.0,0.0,1.0,1.0,98.0,0.0,0.0,0.0,0.0,1.980,98.020,0.0,0.0,0.0,140255232.0,130958336.0,348725248.0,49119068160.0,0.0,16384.0,0.0,0.0,4.0
1519468446.731,2.253,1.877,95.244,0.626,0.0,0.0,1.0,3.0,96.0,0.0,0.0,0.0,1.0,0.0,94.0,5.0,0.0,0.0,1.0,1.0,97.0,0.0,0.0,1.0,0.0,1.010,97.980,1.010,0.0,0.0,11.0,6.0,83.0,0.0,0.0,0.0,0.0,1.010,98.990,0.0,0.0,0.0,1.010,1.010,97.980,0.0,0.0,0.0,0.0,1.010,98.990,0.0,0.0,0.0,140255232.0,130966528.0,348717056.0,49118842880.0,0.0,77824.0,5.200,0.0,7.0
1519468447.731,2.267,1.637,95.088,1.008,0.0,0.0,2.0,1.0,97.0,0.0,0.0,0.0,0.0,1.031,94.845,4.124,0.0,0.0,0.0,4.040,95.960,0.0,0.0,0.0,2.0,2.0,93.0,3.0,0.0,0.0,1.0,2.0,97.0,0.0,0.0,0.0,0.0,0.0,100.0,0.0,0.0,0.0,0.0,1.010,98.990,0.0,0.0,0.0,13.861,1.980,84.158,0.0,0.0,0.0,140255232.0,130963456.0,348725248.0,49118384128.0,0.0,188416.0,10.400,0.0,13.0
1519468448.731,2.247,1.623,95.131,0.999,0.0,0.0,0.0,2.970,96.040,0.990,0.0,0.0,1.980,0.990,93.069,3.960,0.0,0.0,0.0,0.0,100.0,0.0,0.0,0.0,0.990,2.970,92.079,3.960,0.0,0.0,14.0,3.0,83.0,0.0,0.0,0.0,0.0,1.0,99.0,0.0,0.0,0.0,2.020,1.010,96.970,0.0,0.0,0.0,0.0,1.0,99.0,0.0,0.0,0.0,140255232.0,130957312.0,348717056.0,49118179328.0,0.0,90112.0,7.200,0.0,10.0
1519468449.731,2.013,1.509,95.597,0.881,0.0,0.0,0.0,1.010,98.990,0.0,0.0,0.0,1.0,1.0,95.0,3.0,0.0,0.0,1.0,2.0,97.0,0.0,0.0,0.0,0.0,0.0,95.918,4.082,0.0,0.0,1.010,3.030,95.960,0.0,0.0,0.0,0.0,0.0,100.0,0.0,0.0,0.0,1.980,0.990,97.030,0.0,0.0,0.0,10.101,4.040,85.859,0.0,0.0,0.0,140255232.0,130957312.0,348729344.0,49117798400.0,0.0,90112.0,7.600,0.0,10.0
1519468450.731,1.880,1.378,96.617,0.125,0.0,0.0,0.0,0.0,100.0,0.0,0.0,0.0,0.0,1.0,99.0,0.0,0.0,0.0,0.0,0.0,99.0,1.0,0.0,0.0,1.010,1.010,97.980,0.0,0.0,0.0,0.0,1.980,98.020,0.0,0.0,0.0,12.121,4.040,83.838,0.0,0.0,0.0,1.0,2.0,97.0,0.0,0.0,0.0,1.010,0.0,98.990,0.0,0.0,0.0,140255232.0,130957312.0,348725248.0,49117847552.0,0.0,16384.0,0.0,0.0,4.0
1519468451.731,1.884,1.759,95.854,0.503,0.0,0.0,0.0,1.010,98.990,0.0,0.0,0.0,0.0,0.0,95.960,4.040,0.0,0.0,1.010,2.020,96.970,0.0,0.0,0.0,11.881,3.960,84.158,0.0,0.0,0.0,1.0,1.0,98.0,0.0,0.0,0.0,1.0,3.0,96.0,0.0,0.0,0.0,1.0,3.0,96.0,0.0,0.0,0.0,0.0,1.0,99.0,0.0,0.0,0.0,140255232.0,130957312.0,348729344.0,49117544448.0,0.0,73728.0,4.400,0.0,7.0
1519468452.731,2.506,1.128,94.612,1.754,0.0,0.0,1.0,3.0,96.0,0.0,0.0,0.0,1.0,0.0,92.0,7.0,0.0,0.0,1.0,0.0,99.0,0.0,0.0,0.0,0.0,2.0,91.0,7.0,0.0,0.0,1.010,1.010,97.980,0.0,0.0,0.0,0.0,0.0,100.0,0.0,0.0,0.0,15.306,2.041,82.653,0.0,0.0,0.0,0.0,1.0,99.0,0.0,0.0,0.0,140255232.0,130921472.0,348717056.0,49118052352.0,0.0,225280.0,16.0,0.0,19.0
1519468453.731,2.264,1.761,95.094,0.881,0.0,0.0,13.0,4.0,83.0,0.0,0.0,0.0,0.0,1.0,99.0,0.0,0.0,0.0,1.0,2.0,97.0,0.0,0.0,0.0,1.020,0.0,95.918,3.061,0.0,0.0,1.0,4.0,95.0,0.0,0.0,0.0,0.0,1.0,99.0,0.0,0.0,0.0,1.0,0.0,99.0,0.0,0.0,0.0,1.010,3.030,91.919,4.040,0.0,0.0,140255232.0,130957312.0,348733440.0,49116655616.0,0.0,90112.0,7.600,0.0,10.0
1519468454.731,1.882,1.506,96.612,0.0,0.0,0.0,0.0,2.970,97.030,0.0,0.0,0.0,0.0,0.0,100.0,0.0,0.0,0.0,1.010,0.0,98.990,0.0,0.0,0.0,0.0,1.010,98.990,0.0,0.0,0.0,1.010,1.010,96.970,0.0,0.0,1.010,13.0,3.0,84.0,0.0,0.0,0.0,0.0,3.0,97.0,0.0,0.0,0.0,0.0,1.0,99.0,0.0,0.0,0.0,140255232.0,130964480.0,348733440.0,49117544448.0,0.0,16384.0,0.0,0.0,4.0
1519468455.731,2.258,1.255,96.487,0.0,0.0,0.0,0.990,2.970,96.040,0.0,0.0,0.0,0.990,0.990,98.020,0.0,0.0,0.0,0.0,2.020,97.980,0.0,0.0,0.0,1.010,0.0,98.990,0.0,0.0,0.0,2.0,0.0,98.0,0.0,0.0,0.0,0.0,1.980,98.020,0.0,0.0,0.0,13.0,3.0,84.0,0.0,0.0,0.0,1.0,0.0,99.0,0.0,0.0,0.0,140255232.0,130957312.0,348733440.0,49117163520.0,0.0,16384.0,0.0,0.0,4.0
1519468456.731,2.253,1.627,95.620,0.501,0.0,0.0,0.0,0.0,100.0,0.0,0.0,0.0,1.0,1.0,98.0,0.0,0.0,0.0,1.0,1.0,98.0,0.0,0.0,0.0,0.0,1.010,98.990,0.0,0.0,0.0,0.990,2.970,96.040,0.0,0.0,0.0,13.265,2.041,84.694,0.0,0.0,0.0,1.010,2.020,96.970,0.0,0.0,0.0,0.0,0.0,96.970,3.030,0.0,0.0,140255232.0,130958336.0,348737536.0,49117036544.0,0.0,77824.0,3.200,0.0,7.0
1519468457.731,2.130,1.629,95.113,1.128,0.0,0.0,1.0,1.0,98.0,0.0,0.0,0.0,0.0,2.020,97.980,0.0,0.0,0.0,0.0,3.0,97.0,0.0,0.0,0.0,2.0,1.0,97.0,0.0,0.0,0.0,0.0,0.0,100.0,0.0,0.0,0.0,1.010,0.0,97.980,1.010,0.0,0.0,1.0,1.0,98.0,0.0,0.0,0.0,11.881,4.950,75.248,7.921,0.0,0.0,140255232.0,130965504.0,348725248.0,49117798400.0,0.0,245760.0,19.200,0.0,19.0
1519468458.731,2.519,1.637,94.836,1.008,0.0,0.0,0.0,1.010,98.990,0.0,0.0,0.0,2.0,1.0,97.0,0.0,0.0,0.0,13.131,2.020,84.848,0.0,0.0,0.0,1.980,2.970,95.050,0.0,0.0,0.0,0.0,4.0,96.0,0.0,0.0,0.0,0.0,0.0,97.959,2.041,0.0,0.0,3.030,2.020,94.949,0.0,0.0,0.0,0.0,1.010,92.929,6.061,0.0,0.0,140255232.0,130957312.0,348737536.0,49116987392.0,0.0,86016.0,7.600,0.0,10.0
1519468459.730,2.138,1.006,95.975,0.881,0.0,0.0,0.0,0.0,100.0,0.0,0.0,0.0,0.0,0.0,100.0,0.0,0.0,0.0,1.010,3.030,95.960,0.0,0.0,0.0,14.0,3.0,83.0,0.0,0.0,0.0,0.0,0.0,100.0,0.0,0.0,0.0,0.0,0.990,95.050,3.960,0.0,0.0,0.0,1.0,99.0,0.0,0.0,0.0,1.010,0.0,95.960,3.030,0.0,0.0,140255232.0,130963456.0,348741632.0,49117290496.0,0.0,122880.0,0.0,0.0,23.0
1519468460.730,2.503,1.252,96.120,0.125,0.0,0.0,13.725,3.922,81.373,0.980,0.0,0.0,0.0,2.0,98.0,0.0,0.0,0.0,1.0,0.0,99.0,0.0,0.0,0.0,0.0,2.041,97.959,0.0,0.0,0.0,0.0,0.0,100.0,0.0,0.0,0.0,1.0,1.0,98.0,0.0,0.0,0.0,1.010,0.0,98.990,0.0,0.0,0.0,2.941,0.980,96.078,0.0,0.0,0.0,140255232.0,130958336.0,348741632.0,49117716480.0,0.0,16384.0,0.400,0.0,4.0
1519468461.731,1.754,1.880,95.865,0.501,0.0,0.0,0.0,0.0,100.0,0.0,0.0,0.0,1.980,0.0,98.020,0.0,0.0,0.0,10.891,4.950,84.158,0.0,0.0,0.0,0.0,1.020,98.980,0.0,0.0,0.0,1.0,3.0,96.0,0.0,0.0,0.0,1.010,3.030,95.960,0.0,0.0,0.0,0.0,1.980,98.020,0.0,0.0,0.0,0.0,1.010,94.949,4.040,0.0,0.0,140255232.0,130957312.0,348741632.0,49117114368.0,0.0,106496.0,4.0,0.0,7.0
1519468462.730,2.253,1.627,94.869,1.252,0.0,0.0,0.0,2.0,98.0,0.0,0.0,0.0,0.990,1.980,97.030,0.0,0.0,0.0,0.0,2.020,97.980,0.0,0.0,0.0,1.0,0.0,99.0,0.0,0.0,0.0,1.0,1.0,95.0,3.0,0.0,0.0,0.0,2.0,94.0,4.0,0.0,0.0,0.0,0.0,95.960,4.040,0.0,0.0,14.851,2.970,82.178,0.0,0.0,0.0,140255232.0,130974720.0,348737536.0,49119481856.0,0.0,225280.0,13.600,0.0,14.0
1519468463.731,2.378,1.752,94.869,1.001,0.0,0.0,1.980,0.0,98.020,0.0,0.0,0.0,3.061,2.041,94.898,0.0,0.0,0.0,0.990,1.980,97.030,0.0,0.0,0.0,13.0,3.0,84.0,0.0,0.0,0.0,0.0,2.020,93.939,4.040,0.0,0.0,1.0,3.0,96.0,0.0,0.0,0.0,0.0,2.0,94.0,4.0,0.0,0.0,0.0,1.0,99.0,0.0,0.0,0.0,140255232.0,130977792.0,348737536.0,49119100928.0,0.0,57344.0,5.600,0.0,9.0
1519468464.731,2.253,1.377,95.494,0.876,0.0,0.0,0.0,2.0,98.0,0.0,0.0,0.0,1.0,2.0,97.0,0.0,0.0,0.0,12.121,2.020,85.859,0.0,0.0,0.0,2.0,1.0,97.0,0.0,0.0,0.0,0.990,2.970,92.079,3.960,0.0,0.0,0.0,1.0,99.0,0.0,0.0,0.0,0.0,0.0,96.939,3.061,0.0,0.0,0.990,0.0,99.010,0.0,0.0,0.0,140255232.0,130974720.0,348741632.0,49119354880.0,0.0,90112.0,7.600,0.0,10.0
1519468465.731,2.008,1.631,96.361,0.0,0.0,0.0,0.0,0.0,100.0,0.0,0.0,0.0,0.0,1.0,99.0,0.0,0.0,0.0,0.0,1.0,99.0,0.0,0.0,0.0,0.0,1.010,98.990,0.0,0.0,0.0,1.0,3.0,96.0,0.0,0.0,0.0,13.0,3.0,84.0,0.0,0.0,0.0,1.010,2.020,96.970,0.0,0.0,0.0,1.0,2.0,97.0,0.0,0.0,0.0,140255232.0,130976768.0,348745728.0,49120063488.0,0.0,16384.0,0.0,0.0,4.0
1519468466.731,2.133,1.255,95.859,0.627,0.0,0.125,0.0,2.0,98.0,0.0,0.0,0.0,0.0,1.0,98.0,0.0,0.0,1.0,1.0,1.0,98.0,0.0,0.0,0.0,1.980,1.980,96.040,0.0,0.0,0.0,0.0,0.0,100.0,0.0,0.0,0.0,14.0,3.0,83.0,0.0,0.0,0.0,0.0,0.0,95.0,5.0,0.0,0.0,0.0,0.0,100.0,0.0,0.0,0.0,140255232.0,130975744.0,348745728.0,49119354880.0,0.0,73728.0,4.400,0.0,7.0
1519468467.731,2.138,1.258,95.597,1.006,0.0,0.0,0.0,0.0,100.0,0.0,0.0,0.0,0.0,2.0,98.0,0.0,0.0,0.0,0.990,0.990,98.020,0.0,0.0,0.0,14.141,4.040,81.818,0.0,0.0,0.0,0.0,1.0,94.0,5.0,0.0,0.0,0.0,1.031,98.969,0.0,0.0,0.0,1.010,1.010,94.949,3.030,0.0,0.0,1.0,1.0,98.0,0.0,0.0,0.0,140255232.0,130974720.0,348737536.0,49120043008.0,0.0,188416.0,9.200,0.0,13.0
1519468468.731,2.261,1.884,94.849,1.005,0.0,0.0,1.0,1.0,98.0,0.0,0.0,0.0,1.0,2.0,97.0,0.0,0.0,0.0,1.010,2.020,96.970,0.0,0.0,0.0,0.0,2.020,97.980,0.0,0.0,0.0,0.0,2.041,93.878,4.082,0.0,0.0,1.0,2.0,97.0,0.0,0.0,0.0,12.121,4.040,80.808,3.030,0.0,0.0,1.010,0.0,98.990,0.0,0.0,0.0,140255232.0,130957312.0,348753920.0,49118130176.0,0.0,86016.0,7.600,0.0,10.0
1519468469.731,2.381,1.378,95.363,0.877,0.0,0.0,1.0,0.0,99.0,0.0,0.0,0.0,0.0,0.0,100.0,0.0,0.0,0.0,12.121,3.030,84.848,0.0,0.0,0.0,1.980,0.990,97.030,0.0,0.0,0.0,2.0,2.0,92.0,4.0,0.0,0.0,1.0,1.0,98.0,0.0,0.0,0.0,0.990,1.980,93.069,3.960,0.0,0.0,1.0,2.0,97.0,0.0,0.0,0.0,140255232.0,130958336.0,348753920.0,49117384704.0,0.0,98304.0,7.600,0.0,10.0
1519468470.731,2.008,1.380,96.612,0.0,0.0,0.0,0.0,1.0,99.0,0.0,0.0,0.0,0.0,1.010,98.990,0.0,0.0,0.0,1.010,1.010,97.980,0.0,0.0,0.0,0.0,0.0,100.0,0.0,0.0,0.0,2.0,3.0,95.0,0.0,0.0,0.0,12.0,3.0,85.0,0.0,0.0,0.0,0.0,1.0,99.0,0.0,0.0,0.0,0.990,0.990,98.020,0.0,0.0,0.0,140255232.0,130957312.0,348753920.0,49117130752.0,0.0,16384.0,0.400,0.0,4.0
1519468471.731,2.253,1.752,95.494,0.501,0.0,0.0,0.0,1.020,98.980,0.0,0.0,0.0,2.970,2.970,94.059,0.0,0.0,0.0,0.980,1.961,97.059,0.0,0.0,0.0,1.0,3.0,96.0,0.0,0.0,0.0,0.0,1.0,99.0,0.0,0.0,0.0,0.0,0.0,100.0,0.0,0.0,0.0,0.0,1.0,95.0,4.0,0.0,0.0,12.121,4.040,83.838,0.0,0.0,0.0,140255232.0,130958336.0,348758016.0,49117003776.0,0.0,81920.0,4.0,0.0,7.0
1519468472.730,2.138,1.258,95.472,1.132,0.0,0.0,0.0,1.0,99.0,0.0,0.0,0.0,1.010,3.030,95.960,0.0,0.0,0.0,0.0,0.0,100.0,0.0,0.0,0.0,3.0,2.0,95.0,0.0,0.0,0.0,13.0,2.0,80.0,5.0,0.0,0.0,0.0,1.980,98.020,0.0,0.0,0.0,1.020,0.0,94.898,4.082,0.0,0.0,1.0,0.0,99.0,0.0,0.0,0.0,140255232.0,130962432.0,348753920.0,49118797824.0,0.0,188416.0,9.600,0.0,13.0
1519468473.731,2.128,2.128,94.743,1.001,0.0,0.0,2.0,2.0,96.0,0.0,0.0,0.0,12.0,4.0,84.0,0.0,0.0,0.0,0.990,1.980,97.030,0.0,0.0,0.0,1.0,2.0,97.0,0.0,0.0,0.0,0.0,1.010,94.949,4.040,0.0,0.0,0.0,0.0,100.0,0.0,0.0,0.0,0.0,2.970,93.069,3.960,0.0,0.0,1.010,2.020,96.970,0.0,0.0,0.0,140255232.0,130959360.0,348758016.0,49117523968.0,0.0,90112.0,8.0,0.0,10.0
1519468474.731,2.375,1.375,95.250,0.875,0.0,0.125,0.0,1.0,99.0,0.0,0.0,0.0,14.141,3.030,82.828,0.0,0.0,0.0,1.010,1.010,97.980,0.0,0.0,0.0,1.0,1.0,98.0,0.0,0.0,0.0,1.010,1.010,94.949,3.030,0.0,0.0,0.0,0.990,99.010,0.0,0.0,0.0,1.010,0.0,93.939,4.040,0.0,1.010,0.0,2.0,98.0,0.0,0.0,0.0,140255232.0,130958336.0,348758016.0,49116639232.0,0.0,90112.0,7.600,0.0,10.0
1519468475.731,1.889,1.385,96.725,0.0,0.0,0.0,0.0,1.0,99.0,0.0,0.0,0.0,0.0,2.0,98.0,0.0,0.0,0.0,0.0,2.0,98.0,0.0,0.0,0.0,0.0,0.0,100.0,0.0,0.0,0.0,2.020,0.0,97.980,0.0,0.0,0.0,13.0,4.0,83.0,0.0,0.0,0.0,0.0,1.010,98.990,0.0,0.0,0.0,1.0,2.0,97.0,0.0,0.0,0.0,140255232.0,130958336.0,348762112.0,49116844032.0,0.0,16384.0,0.0,0.0,4.0
1519468476.731,2.390,1.132,95.975,0.503,0.0,0.0,2.020,2.020,95.960,0.0,0.0,0.0,0.0,1.020,95.918,3.061,0.0,0.0,1.010,1.010,97.980,0.0,0.0,0.0,1.0,1.0,98.0,0.0,0.0,0.0,12.121,3.030,84.848,0.0,0.0,0.0,0.0,0.0,100.0,0.0,0.0,0.0,1.0,0.0,99.0,0.0,0.0,0.0,1.0,2.0,97.0,0.0,0.0,0.0,140255232.0,130958336.0,348758016.0,49116844032.0,0.0,81920.0,3.200,0.0,7.0
1519468477.731,2.008,1.255,95.859,0.878,0.0,0.0,0.0,0.0,100.0,0.0,0.0,0.0,1.0,1.0,94.0,4.0,0.0,0.0,2.0,1.0,97.0,0.0,0.0,0.0,11.881,2.970,81.188,3.960,0.0,0.0,1.0,2.0,97.0,0.0,0.0,0.0,0.0,0.0,100.0,0.0,0.0,0.0,0.0,1.010,98.990,0.0,0.0,0.0,0.0,2.020,97.980,0.0,0.0,0.0,140255232.0,130958336.0,348766208.0,49116971008.0,0.0,188416.0,8.800,0.0,13.0
1519468478.731,2.008,1.631,95.483,0.878,0.0,0.0,2.0,1.0,97.0,0.0,0.0,0.0,0.0,2.0,98.0,0.0,0.0,0.0,0.0,0.0,100.0,0.0,0.0,0.0,1.0,1.0,98.0,0.0,0.0,0.0,1.0,0.0,95.0,4.0,0.0,0.0,12.0,6.0,82.0,0.0,0.0,0.0,0.0,2.0,94.0,4.0,0.0,0.0,0.990,0.990,98.020,0.0,0.0,0.0,140255232.0,130924544.0,348766208.0,49117224960.0,0.0,90112.0,6.800,0.0,10.0
1519468479.731,1.882,2.258,94.981,0.878,0.0,0.0,0.0,1.020,98.980,0.0,0.0,0.0,12.245,4.082,83.673,0.0,0.0,0.0,0.990,2.970,96.040,0.0,0.0,0.0,0.0,1.0,99.0,0.0,0.0,0.0,1.010,2.020,93.939,3.030,0.0,0.0,0.0,3.030,96.970,0.0,0.0,0.0,1.0,1.0,98.0,0.0,0.0,0.0,0.0,1.010,94.949,4.040,0.0,0.0,140255232.0,130958336.0,348766208.0,49116192768.0,0.0,86016.0,7.200,0.0,10.0
1519468480.731,2.384,1.255,96.361,0.0,0.0,0.0,1.010,1.010,97.980,0.0,0.0,0.0,0.0,2.020,97.980,0.0,0.0,0.0,0.0,0.0,100.0,0.0,0.0,0.0,0.0,2.0,98.0,0.0,0.0,0.0,0.0,0.0,100.0,0.0,0.0,0.0,1.010,1.010,97.980,0.0,0.0,0.0,1.0,1.0,98.0,0.0,0.0,0.0,13.861,3.960,82.178,0.0,0.0,0.0,140255232.0,130959360.0,348770304.0,49117208576.0,0.0,16384.0,0.0,0.0,4.0
1519468481.731,2.256,1.504,95.614,0.627,0.0,0.0,2.0,1.0,97.0,0.0,0.0,0.0,0.990,1.980,97.030,0.0,0.0,0.0,1.980,2.970,95.050,0.0,0.0,0.0,1.0,1.0,98.0,0.0,0.0,0.0,0.0,0.0,100.0,0.0,0.0,0.0,12.121,2.020,85.859,0.0,0.0,0.0,1.010,1.010,93.939,4.040,0.0,0.0,0.0,1.0,99.0,0.0,0.0,0.0,140255232.0,130960384.0,348770304.0,49116667904.0,0.0,77824.0,4.800,0.0,7.0
1519468482.731,1.759,1.382,95.603,1.256,0.0,0.0,0.0,2.0,98.0,0.0,0.0,0.0,0.0,1.961,90.196,7.843,0.0,0.0,1.010,1.010,97.980,0.0,0.0,0.0,0.0,1.0,98.0,1.0,0.0,0.0,12.871,4.950,82.178,0.0,0.0,0.0,1.010,0.0,98.990,0.0,0.0,0.0,0.0,0.0,100.0,0.0,0.0,0.0,1.0,1.0,98.0,0.0,0.0,0.0,140255232.0,130985984.0,348753920.0,49116921856.0,0.0,188416.0,9.200,0.0,13.0
1519468483.731,2.133,1.380,95.609,0.878,0.0,0.0,0.0,0.0,100.0,0.0,0.0,0.0,0.0,0.0,96.939,3.061,0.0,0.0,0.0,1.0,99.0,0.0,0.0,0.0,1.0,0.0,95.0,4.0,0.0,0.0,13.0,5.0,82.0,0.0,0.0,0.0,0.0,1.010,98.990,0.0,0.0,0.0,0.990,2.970,96.040,0.0,0.0,0.0,0.0,0.0,100.0,0.0,0.0,0.0,140255232.0,130977792.0,348770304.0,49119621120.0,0.0,94208.0,7.200,0.0,10.0
1519468484.731,2.264,1.635,94.340,1.761,0.0,0.0,13.861,3.960,82.178,0.0,0.0,0.0,1.0,2.0,97.0,0.0,0.0,0.0,1.020,0.0,98.980,0.0,0.0,0.0,0.0,1.0,86.0,13.0,0.0,0.0,1.010,4.040,94.949,0.0,0.0,0.0,0.0,0.0,97.980,2.020,0.0,0.0,1.010,2.020,96.970,0.0,0.0,0.0,0.0,2.0,98.0,0.0,0.0,0.0,140255232.0,130997248.0,348770304.0,49118990336.0,0.0,249856.0,19.200,0.0,22.0
1519468485.731,2.130,1.253,95.363,1.253,0.0,0.0,2.020,1.010,96.970,0.0,0.0,0.0,0.0,0.0,100.0,0.0,0.0,0.0,0.0,0.990,99.010,0.0,0.0,0.0,12.0,3.0,79.0,6.0,0.0,0.0,1.0,1.0,98.0,0.0,0.0,0.0,2.0,1.0,97.0,0.0,0.0,0.0,0.0,0.0,97.959,2.041,0.0,0.0,0.0,2.041,97.959,0.0,0.0,0.0,140255232.0,130998272.0,348770304.0,49120673792.0,0.0,16384.0,0.0,0.0,4.0
1519468486.731,2.387,1.256,95.980,0.377,0.0,0.0,2.0,2.0,96.0,0.0,0.0,0.0,0.0,1.010,98.990,0.0,0.0,0.0,1.010,0.0,98.990,0.0,0.0,0.0,12.0,4.0,80.0,4.0,0.0,0.0,0.0,1.0,99.0,0.0,0.0,0.0,0.0,0.0,100.0,0.0,0.0,0.0,2.0,1.0,97.0,0.0,0.0,0.0,1.980,1.980,96.040,0.0,0.0,0.0,140255232.0,130999296.0,348766208.0,49121308672.0,0.0,81920.0,4.0,0.0,7.0
1519468487.731,2.130,1.253,95.489,1.128,0.0,0.0,1.010,0.0,98.990,0.0,0.0,0.0,1.980,1.980,91.089,4.950,0.0,0.0,0.0,3.030,96.970,0.0,0.0,0.0,0.0,0.0,95.960,4.040,0.0,0.0,1.0,2.0,97.0,0.0,0.0,0.0,12.871,2.970,84.158,0.0,0.0,0.0,0.0,0.0,100.0,0.0,0.0,0.0,0.0,0.0,100.0,0.0,0.0,0.0,140255232.0,130998272.0,348770304.0,49120927744.0,0.0,241664.0,18.0,0.0,19.0
1519468488.731,1.884,1.382,95.603,1.131,0.0,0.0,0.0,1.010,98.990,0.0,0.0,0.0,0.0,1.010,94.949,4.040,0.0,0.0,12.871,3.960,83.168,0.0,0.0,0.0,2.020,0.0,93.939,4.040,0.0,0.0,0.0,0.0,100.0,0.0,0.0,0.0,0.0,0.990,98.020,0.990,0.0,0.0,1.010,1.010,97.980,0.0,0.0,0.0,0.0,2.0,98.0,0.0,0.0,0.0,140255232.0,130999296.0,348778496.0,49120419840.0,0.0,86016.0,4.400,0.0,8.0
1519468489.731,2.771,1.385,94.710,1.134,0.0,0.0,1.0,2.0,97.0,0.0,0.0,0.0,2.020,2.020,95.960,0.0,0.0,0.0,2.0,2.0,96.0,0.0,0.0,0.0,1.0,1.0,88.0,10.0,0.0,0.0,1.0,1.0,98.0,0.0,0.0,0.0,0.0,0.0,100.0,0.0,0.0,0.0,1.0,2.0,97.0,0.0,0.0,0.0,14.0,2.0,84.0,0.0,0.0,0.0,140255232.0,130998272.0,348778496.0,49121177600.0,0.0,139264.0,5.200,0.0,31.0
1519468490.731,2.369,1.496,96.010,0.125,0.0,0.0,1.0,2.0,97.0,0.0,0.0,0.0,0.990,1.980,97.030,0.0,0.0,0.0,1.0,2.0,97.0,0.0,0.0,0.0,1.0,1.0,98.0,0.0,0.0,0.0,13.131,2.020,84.848,0.0,0.0,0.0,0.0,1.980,98.020,0.0,0.0,0.0,0.0,2.020,96.970,1.010,0.0,0.0,0.0,0.0,100.0,0.0,0.0,0.0,140255232.0,130998272.0,348778496.0,49120768000.0,0.0,16384.0,0.0,0.0,4.0
1519468491.731,2.509,1.255,95.734,0.502,0.0,0.0,1.0,0.0,99.0,0.0,0.0,0.0,13.861,2.970,79.208,3.960,0.0,0.0,2.0,2.0,96.0,0.0,0.0,0.0,0.0,0.0,100.0,0.0,0.0,0.0,0.0,0.0,100.0,0.0,0.0,0.0,1.010,1.010,97.980,0.0,0.0,0.0,1.980,1.980,96.040,0.0,0.0,0.0,1.020,0.0,98.980,0.0,0.0,0.0,140255232.0,130976768.0,348782592.0,49120227328.0,0.0,86016.0,3.600,0.0,7.0
1519468492.731,2.136,1.256,95.477,1.131,0.0,0.0,1.0,1.0,98.0,0.0,0.0,0.0,1.020,1.020,90.816,7.143,0.0,0.0,0.0,0.0,100.0,0.0,0.0,0.0,0.0,0.0,98.980,1.020,0.0,0.0,1.0,2.0,97.0,0.0,0.0,0.0,0.0,0.0,99.0,1.0,0.0,0.0,12.0,3.0,85.0,0.0,0.0,0.0,1.0,3.0,96.0,0.0,0.0,0.0,140255232.0,130975744.0,348766208.0,49120100352.0,0.0,188416.0,9.200,0.0,13.0
1519468493.731,1.887,1.132,96.101,0.881,0.0,0.0,13.0,2.0,85.0,0.0,0.0,0.0,0.0,0.0,96.0,4.0,0.0,0.0,0.0,3.030,96.970,0.0,0.0,0.0,1.020,0.0,95.918,3.061,0.0,0.0,1.010,1.010,97.980,0.0,0.0,0.0,0.990,0.0,99.010,0.0,0.0,0.0,0.0,0.0,100.0,0.0,0.0,0.0,0.990,1.980,97.030,0.0,0.0,0.0,140255232.0,130976768.0,348790784.0,49120100352.0,0.0,90112.0,6.800,0.0,10.0
1519468494.731,2.378,2.128,94.618,0.876,0.0,0.0,0.0,2.0,98.0,0.0,0.0,0.0,12.0,4.0,80.0,4.0,0.0,0.0,0.0,5.0,95.0,0.0,0.0,0.0,1.0,2.0,93.0,4.0,0.0,0.0,2.0,2.0,96.0,0.0,0.0,0.0,0.0,1.0,99.0,0.0,0.0,0.0,2.0,1.0,97.0,0.0,0.0,0.0,1.0,1.0,98.0,0.0,0.0,0.0,140255232.0,130978816.0,348778496.0,49119338496.0,0.0,90112.0,7.600,0.0,10.0
1519468495.731,2.381,1.128,96.366,0.125,0.0,0.0,2.0,0.0,98.0,0.0,0.0,0.0,1.010,2.020,96.970,0.0,0.0,0.0,1.0,1.0,98.0,0.0,0.0,0.0,1.0,1.0,98.0,0.0,0.0,0.0,1.010,1.010,97.980,0.0,0.0,0.0,0.0,0.0,100.0,0.0,0.0,0.0,1.0,1.0,98.0,0.0,0.0,0.0,12.121,2.020,85.859,0.0,0.0,0.0,140255232.0,130980864.0,348790784.0,49118957568.0,0.0,16384.0,0.0,0.0,4.0
1519468496.730,2.128,1.752,95.620,0.501,0.0,0.0,12.871,2.970,84.158,0.0,0.0,0.0,0.0,1.010,98.990,0.0,0.0,0.0,0.0,1.010,98.990,0.0,0.0,0.0,1.0,1.0,94.0,4.0,0.0,0.0,0.980,2.941,96.078,0.0,0.0,0.0,0.0,1.980,98.020,0.0,0.0,0.0,1.010,2.020,96.970,0.0,0.0,0.0,1.010,2.020,96.970,0.0,0.0,0.0,140255232.0,130981888.0,348790784.0,49118101504.0,0.0,73728.0,4.400,0.0,7.0
1519468497.731,1.884,1.382,95.854,0.879,0.0,0.0,0.0,0.0,100.0,0.0,0.0,0.0,1.010,1.010,93.939,4.040,0.0,0.0,0.0,2.0,98.0,0.0,0.0,0.0,0.990,1.980,94.059,2.970,0.0,0.0,0.0,0.0,100.0,0.0,0.0,0.0,0.0,2.020,97.980,0.0,0.0,0.0,13.0,2.0,85.0,0.0,0.0,0.0,0.0,1.0,99.0,0.0,0.0,0.0,140255232.0,130975744.0,348794880.0,49118736384.0,0.0,188416.0,9.600,0.0,13.0
1519468498.731,2.133,1.255,95.609,1.004,0.0,0.0,1.010,0.0,98.990,0.0,0.0,0.0,1.0,2.0,93.0,4.0,0.0,0.0,12.121,3.030,84.848,0.0,0.0,0.0,1.0,2.0,94.0,3.0,0.0,0.0,0.990,0.990,98.020,0.0,0.0,0.0,0.0,2.020,97.980,0.0,0.0,0.0,0.0,1.0,99.0,0.0,0.0,0.0,1.010,1.010,97.980,0.0,0.0,0.0,140255232.0,130979840.0,348786688.0,49119227904.0,0.0,86016.0,7.600,0.0,10.0
1519468499.731,1.884,2.010,95.226,0.879,0.0,0.0,1.0,2.0,97.0,0.0,0.0,0.0,0.0,4.0,92.0,4.0,0.0,0.0,1.0,3.0,96.0,0.0,0.0,0.0,11.111,3.030,81.818,4.040,0.0,0.0,1.0,2.0,97.0,0.0,0.0,0.0,1.0,0.0,99.0,0.0,0.0,0.0,1.010,1.010,97.980,0.0,0.0,0.0,0.0,0.0,100.0,0.0,0.0,0.0,140255232.0,130974720.0,348794880.0,49118466048.0,0.0,81920.0,7.600,0.0,10.0
1519468500.731,2.381,1.253,96.366,0.0,0.0,0.0,1.980,1.980,96.040,0.0,0.0,0.0,1.010,0.0,98.990,0.0,0.0,0.0,1.0,0.0,99.0,0.0,0.0,0.0,0.0,2.020,97.980,0.0,0.0,0.0,0.0,1.010,98.990,0.0,0.0,0.0,1.0,1.0,98.0,0.0,0.0,0.0,0.0,1.010,98.990,0.0,0.0,0.0,13.725,3.922,82.353,0.0,0.0,0.0,140255232.0,130975744.0,348794880.0,49118085120.0,0.0,16384.0,0.0,0.0,4.0
1519468501.731,2.381,1.880,92.982,2.757,0.0,0.0,1.0,2.0,88.0,9.0,0.0,0.0,0.0,1.0,99.0,0.0,0.0,0.0,12.0,3.0,85.0,0.0,0.0,0.0,1.0,1.0,98.0,0.0,0.0,0.0,0.0,0.0,96.939,3.061,0.0,0.0,1.0,1.0,98.0,0.0,0.0,0.0,2.020,4.040,83.838,10.101,0.0,0.0,1.980,1.980,96.040,0.0,0.0,0.0,140255232.0,130975744.0,348815360.0,49119227904.0,466944.0,81920.0,22.400,87.0,7.0
1519468502.731,2.008,1.380,95.609,1.004,0.0,0.0,0.0,1.0,99.0,0.0,0.0,0.0,11.881,2.970,81.188,3.960,0.0,0.0,0.0,1.0,99.0,0.0,0.0,0.0,0.0,0.0,95.918,4.082,0.0,0.0,1.0,1.0,98.0,0.0,0.0,0.0,1.010,3.030,95.960,0.0,0.0,0.0,0.0,2.041,97.959,0.0,0.0,0.0,0.0,0.0,100.0,0.0,0.0,0.0,140255232.0,130976768.0,348971008.0,49118339072.0,0.0,204800.0,10.800,0.0,13.0
1519468503.731,2.256,1.003,95.865,0.877,0.0,0.0,0.0,1.0,99.0,0.0,0.0,0.0,13.131,2.020,81.818,3.030,0.0,0.0,2.020,0.0,97.980,0.0,0.0,0.0,1.0,0.0,96.0,3.0,0.0,0.0,0.990,0.990,98.020,0.0,0.0,0.0,0.0,1.0,99.0,0.0,0.0,0.0,1.980,0.990,96.040,0.990,0.0,0.0,1.980,1.980,96.040,0.0,0.0,0.0,140255232.0,130978816.0,348975104.0,49118085120.0,0.0,94208.0,6.800,0.0,10.0
1519468504.731,1.759,1.508,95.729,1.005,0.0,0.0,1.010,1.010,97.980,0.0,0.0,0.0,0.0,1.0,95.0,4.0,0.0,0.0,0.990,0.990,98.020,0.0,0.0,0.0,0.0,0.0,95.918,4.082,0.0,0.0,0.0,1.020,98.980,0.0,0.0,0.0,10.101,4.040,85.859,0.0,0.0,0.0,1.0,3.0,96.0,0.0,0.0,0.0,1.010,1.010,97.980,0.0,0.0,0.0,140255232.0,130933760.0,348979200.0,49118720000.0,0.0,94208.0,7.600,0.0,10.0
1519468505.731,2.635,1.631,95.734,0.0,0.0,0.0,0.0,2.0,98.0,0.0,0.0,0.0,1.0,2.0,97.0,0.0,0.0,0.0,1.010,1.010,97.980,0.0,0.0,0.0,0.0,1.0,99.0,0.0,0.0,0.0,1.0,1.0,98.0,0.0,0.0,0.0,2.0,1.0,97.0,0.0,0.0,0.0,13.131,3.030,83.838,0.0,0.0,0.0,1.0,2.0,97.0,0.0,0.0,0.0,140255232.0,130983936.0,348987392.0,49117704192.0,0.0,16384.0,0.0,0.0,4.0
1519468506.731,1.887,1.509,96.226,0.377,0.0,0.0,0.0,2.020,97.980,0.0,0.0,0.0,0.0,0.0,96.939,3.061,0.0,0.0,12.121,5.051,82.828,0.0,0.0,0.0,0.0,1.0,99.0,0.0,0.0,0.0,1.010,2.020,96.970,0.0,0.0,0.0,0.0,0.990,99.010,0.0,0.0,0.0,1.0,1.0,98.0,0.0,0.0,0.0,0.990,0.990,98.020,0.0,0.0,0.0,140255232.0,130975744.0,348975104.0,49118720000.0,0.0,77824.0,3.600,0.0,7.0
1519468507.731,2.378,1.252,94.994,1.377,0.0,0.0,1.0,1.0,98.0,0.0,0.0,0.0,2.0,1.0,90.0,7.0,0.0,0.0,1.0,1.0,98.0,0.0,0.0,0.0,1.010,1.010,94.949,3.030,0.0,0.0,0.0,0.0,98.990,1.010,0.0,0.0,0.0,0.0,100.0,0.0,0.0,0.0,1.0,3.0,96.0,0.0,0.0,0.0,13.265,1.020,85.714,0.0,0.0,0.0,140255232.0,130975744.0,348987392.0,49118846976.0,0.0,180224.0,10.400,0.0,13.0
1519468508.731,2.256,1.128,95.739,0.877,0.0,0.0,1.0,2.0,97.0,0.0,0.0,0.0,13.402,1.031,82.474,3.093,0.0,0.0,0.0,1.0,99.0,0.0,0.0,0.0,0.980,0.980,94.118,3.922,0.0,0.0,0.0,1.0,99.0,0.0,0.0,0.0,0.990,0.990,98.020,0.0,0.0,0.0,0.0,1.010,98.990,0.0,0.0,0.0,1.0,2.0,97.0,0.0,0.0,0.0,140255232.0,130997248.0,348983296.0,49120194560.0,0.0,86016.0,6.800,0.0,10.0
1519468509.731,2.010,1.382,95.729,0.879,0.0,0.0,0.0,1.010,98.990,0.0,0.0,0.0,1.980,1.980,92.079,3.960,0.0,0.0,0.0,1.010,98.990,0.0,0.0,0.0,0.0,1.020,95.918,3.061,0.0,0.0,13.861,1.980,84.158,0.0,0.0,0.0,0.0,0.0,100.0,0.0,0.0,0.0,1.0,2.0,97.0,0.0,0.0,0.0,0.990,1.980,97.030,0.0,0.0,0.0,140255232.0,130998272.0,348966912.0,49120149504.0,0.0,90112.0,7.600,0.0,10.0
1519468510.731,2.513,1.508,95.980,0.0,0.0,0.0,14.0,1.0,85.0,0.0,0.0,0.0,0.0,1.010,98.990,0.0,0.0,0.0,1.980,1.980,96.040,0.0,0.0,0.0,2.020,1.010,96.970,0.0,0.0,0.0,1.020,1.020,97.959,0.0,0.0,0.0,0.0,2.020,97.980,0.0,0.0,0.0,1.020,2.041,96.939,0.0,0.0,0.0,0.0,2.970,97.030,0.0,0.0,0.0,140255232.0,131000320.0,348983296.0,49120182272.0,0.0,16384.0,0.0,0.0,4.0
1519468511.731,2.381,1.253,95.614,0.752,0.0,0.0,0.0,1.0,94.0,5.0,0.0,0.0,0.990,1.980,97.030,0.0,0.0,0.0,0.0,1.010,98.990,0.0,0.0,0.0,13.131,1.010,85.859,0.0,0.0,0.0,1.010,0.0,98.990,0.0,0.0,0.0,2.0,2.0,96.0,0.0,0.0,0.0,1.0,2.0,97.0,0.0,0.0,0.0,0.0,0.0,100.0,0.0,0.0,0.0,140255232.0,130998272.0,348975104.0,49120006144.0,0.0,69632.0,4.800,0.0,7.0
1519468512.731,2.128,1.627,94.493,1.752,0.0,0.0,11.881,2.970,85.149,0.0,0.0,0.0,1.0,0.0,94.0,5.0,0.0,0.0,0.0,1.0,99.0,0.0,0.0,0.0,1.0,1.0,95.0,3.0,0.0,0.0,0.0,1.0,99.0,0.0,0.0,0.0,1.961,4.902,89.216,3.922,0.0,0.0,0.990,1.980,97.030,0.0,0.0,0.0,1.010,1.010,94.949,3.030,0.0,0.0,140255232.0,131002368.0,349016064.0,49120436224.0,4096.0,282624.0,18.0,1.0,21.0
1519468513.731,2.010,1.005,95.854,1.131,0.0,0.0,0.0,0.0,100.0,0.0,0.0,0.0,12.0,3.0,85.0,0.0,0.0,0.0,0.0,0.0,99.0,1.0,0.0,0.0,1.0,2.0,97.0,0.0,0.0,0.0,0.0,1.0,99.0,0.0,0.0,0.0,1.010,0.0,94.949,4.040,0.0,0.0,1.020,2.041,96.939,0.0,0.0,0.0,0.990,0.0,95.050,3.960,0.0,0.0,140255232.0,131004416.0,349020160.0,49120325632.0,0.0,90112.0,7.600,0.0,10.0
1519468514.731,2.010,1.131,96.859,0.0,0.0,0.0,0.0,0.0,100.0,0.0,0.0,0.0,0.0,1.0,99.0,0.0,0.0,0.0,0.0,0.0,100.0,0.0,0.0,0.0,0.0,1.031,98.969,0.0,0.0,0.0,1.0,2.0,97.0,0.0,0.0,0.0,0.0,0.0,100.0,0.0,0.0,0.0,0.0,2.0,98.0,0.0,0.0,0.0,13.0,3.0,84.0,0.0,0.0,0.0,140255232.0,131002368.0,349028352.0,49121038336.0,0.0,16384.0,0.0,0.0,4.0
1519468515.731,2.645,1.385,95.970,0.0,0.0,0.0,2.020,3.030,94.949,0.0,0.0,0.0,1.010,2.020,96.970,0.0,0.0,0.0,1.980,1.980,96.040,0.0,0.0,0.0,0.990,0.990,98.020,0.0,0.0,0.0,1.010,0.0,98.990,0.0,0.0,0.0,1.010,1.010,97.980,0.0,0.0,0.0,1.010,0.0,98.990,0.0,0.0,0.0,15.152,2.020,82.828,0.0,0.0,0.0,140255232.0,131008512.0,349040640.0,49120911360.0,4096.0,163840.0,0.400,1.0,28.0
1519468516.731,2.253,1.627,95.494,0.626,0.0,0.0,0.0,1.010,98.990,0.0,0.0,0.0,0.0,2.0,98.0,0.0,0.0,0.0,0.0,2.0,93.0,5.0,0.0,0.0,0.0,0.0,100.0,0.0,0.0,0.0,0.0,2.020,97.980,0.0,0.0,0.0,12.871,3.960,83.168,0.0,0.0,0.0,1.980,1.980,96.040,0.0,0.0,0.0,0.0,2.020,97.980,0.0,0.0,0.0,140255232.0,131009536.0,349032448.0,49120022528.0,0.0,110592.0,4.400,0.0,7.0
1519468517.731,2.250,1.500,95.125,1.125,0.0,0.0,0.990,0.0,99.010,0.0,0.0,0.0,1.010,1.010,97.980,0.0,0.0,0.0,0.0,0.990,94.059,4.950,0.0,0.0,0.990,0.990,93.069,4.950,0.0,0.0,0.990,0.990,98.020,0.0,0.0,0.0,1.010,0.0,97.980,1.010,0.0,0.0,1.0,2.0,97.0,0.0,0.0,0.0,12.121,3.030,84.848,0.0,0.0,0.0,140255232.0,130998272.0,349040640.0,49120260096.0,0.0,241664.0,20.800,0.0,19.0
1519468518.731,2.258,1.129,95.358,1.255,0.0,0.0,1.0,0.0,98.0,1.0,0.0,0.0,1.0,0.0,99.0,0.0,0.0,0.0,1.0,2.0,97.0,0.0,0.0,0.0,0.990,0.990,98.020,0.0,0.0,0.0,0.0,0.0,100.0,0.0,0.0,0.0,13.131,2.020,79.798,5.051,0.0,0.0,1.0,3.0,96.0,0.0,0.0,0.0,2.0,1.0,93.0,4.0,0.0,0.0,140525568.0,131321856.0,349040640.0,49120894976.0,0.0,86016.0,6.800,0.0,10.0
1519468519.731,2.136,1.131,95.854,0.879,0.0,0.0,0.0,1.0,99.0,0.0,0.0,0.0,0.990,1.980,97.030,0.0,0.0,0.0,1.020,1.020,97.959,0.0,0.0,0.0,0.0,0.0,100.0,0.0,0.0,0.0,0.0,1.010,98.990,0.0,0.0,0.0,1.010,2.020,93.939,3.030,0.0,0.0,14.141,1.010,84.848,0.0,0.0,0.0,0.990,0.990,94.059,3.960,0.0,0.0,140525568.0,131325952.0,349040640.0,49119956992.0,0.0,16384.0,0.0,0.0,4.0
1519468520.731,2.141,1.763,96.096,0.0,0.0,0.0,0.0,1.031,98.969,0.0,0.0,0.0,2.0,4.0,94.0,0.0,0.0,0.0,12.121,3.030,84.848,0.0,0.0,0.0,0.0,1.010,98.990,0.0,0.0,0.0,0.0,1.010,98.990,0.0,0.0,0.0,1.0,3.0,96.0,0.0,0.0,0.0,0.0,2.0,98.0,0.0,0.0,0.0,0.0,0.0,100.0,0.0,0.0,0.0,140525568.0,131321856.0,349040640.0,49119752192.0,0.0,16384.0,0.0,0.0,4.0
1519468521.731,2.013,1.509,96.101,0.377,0.0,0.0,2.0,4.0,94.0,0.0,0.0,0.0,0.0,0.0,100.0,0.0,0.0,0.0,2.020,1.010,96.970,0.0,0.0,0.0,13.0,3.0,84.0,0.0,0.0,0.0,0.0,2.0,98.0,0.0,0.0,0.0,0.0,0.0,100.0,0.0,0.0,0.0,0.0,1.010,98.990,0.0,0.0,0.0,1.0,0.0,96.0,3.0,0.0,0.0,140525568.0,131324928.0,349040640.0,49119625216.0,0.0,69632.0,4.0,0.0,7.0
1519468522.731,2.003,1.377,95.620,1.001,0.0,0.0,0.0,1.980,98.020,0.0,0.0,0.0,0.0,0.0,96.0,4.0,0.0,0.0,0.0,1.0,99.0,0.0,0.0,0.0,0.0,0.0,95.960,4.040,0.0,0.0,1.010,1.010,97.980,0.0,0.0,0.0,12.0,4.0,84.0,0.0,0.0,0.0,0.0,1.010,98.990,0.0,0.0,0.0,0.0,2.020,97.980,0.0,0.0,0.0,140525568.0,131325952.0,349040640.0,49120133120.0,0.0,225280.0,12.800,0.0,14.0
1519468523.731,2.130,1.378,95.363,1.128,0.0,0.0,0.0,1.010,98.990,0.0,0.0,0.0,0.0,0.0,100.0,0.0,0.0,0.0,0.0,0.990,99.010,0.0,0.0,0.0,1.0,0.0,99.0,0.0,0.0,0.0,1.0,2.0,97.0,0.0,0.0,0.0,13.131,4.040,82.828,0.0,0.0,0.0,2.020,2.020,95.960,0.0,0.0,0.0,0.0,1.010,90.909,8.081,0.0,0.0,140525568.0,131321856.0,349040640.0,49119879168.0,0.0,57344.0,5.200,0.0,9.0
1519468524.731,2.136,1.131,95.729,1.005,0.0,0.0,13.861,1.980,84.158,0.0,0.0,0.0,0.0,0.0,100.0,0.0,0.0,0.0,1.010,1.010,97.980,0.0,0.0,0.0,0.0,1.0,99.0,0.0,0.0,0.0,0.0,0.0,100.0,0.0,0.0,0.0,1.020,1.020,93.878,4.082,0.0,0.0,0.990,1.980,97.030,0.0,0.0,0.0,0.971,1.942,92.233,4.854,0.0,0.0,140525568.0,131320832.0,349040640.0,49119449088.0,0.0,90112.0,8.400,0.0,10.0
1519468525.731,2.256,1.629,96.115,0.0,0.0,0.0,12.121,4.040,83.838,0.0,0.0,0.0,0.990,0.990,98.020,0.0,0.0,0.0,1.010,1.010,97.980,0.0,0.0,0.0,1.0,1.0,98.0,0.0,0.0,0.0,0.0,1.0,99.0,0.0,0.0,0.0,0.990,3.960,94.059,0.990,0.0,0.0,1.010,0.0,98.990,0.0,0.0,0.0,1.010,1.010,97.980,0.0,0.0,0.0,140525568.0,131325952.0,349040640.0,49120006144.0,0.0,16384.0,0.0,0.0,4.0
1519468526.731,1.884,1.884,95.729,0.503,0.0,0.0,1.0,1.0,98.0,0.0,0.0,0.0,1.0,1.0,98.0,0.0,0.0,0.0,0.990,2.970,96.040,0.0,0.0,0.0,0.0,0.0,100.0,0.0,0.0,0.0,1.0,2.0,97.0,0.0,0.0,0.0,0.0,2.0,98.0,0.0,0.0,0.0,0.0,1.010,98.990,0.0,0.0,0.0,12.121,5.051,79.798,3.030,0.0,0.0,140525568.0,131323904.0,349044736.0,49119498240.0,0.0,73728.0,4.0,0.0,7.0
1519468527.731,1.882,1.255,95.859,1.004,0.0,0.0,0.0,1.010,98.990,0.0,0.0,0.0,1.0,2.0,93.0,4.0,0.0,0.0,12.871,2.970,84.158,0.0,0.0,0.0,0.0,0.0,96.970,3.030,0.0,0.0,0.0,0.0,100.0,0.0,0.0,0.0,1.020,0.0,98.980,0.0,0.0,0.0,1.0,3.0,96.0,0.0,0.0,0.0,0.0,0.0,100.0,0.0,0.0,0.0,140525568.0,131321856.0,349040640.0,49119371264.0,0.0,184320.0,9.600,0.0,13.0
1519468528.730,2.020,1.010,96.086,0.884,0.0,0.0,0.0,0.0,100.0,0.0,0.0,0.0,1.010,1.010,97.980,0.0,0.0,0.0,0.0,3.030,96.970,0.0,0.0,0.0,0.0,0.0,100.0,0.0,0.0,0.0,1.010,1.010,97.980,0.0,0.0,0.0,12.245,3.061,81.633,3.061,0.0,0.0,0.0,0.0,100.0,0.0,0.0,0.0,0.0,0.0,94.949,5.051,0.0,0.0,140525568.0,131302400.0,349048832.0,49119084544.0,0.0,81920.0,8.400,0.0,10.0
1519468529.731,2.005,1.253,95.614,1.128,0.0,0.0,12.871,2.970,84.158,0.0,0.0,0.0,0.0,2.0,98.0,0.0,0.0,0.0,2.0,1.0,97.0,0.0,0.0,0.0,0.0,0.990,99.010,0.0,0.0,0.0,1.010,0.0,98.990,0.0,0.0,0.0,0.0,0.0,96.970,3.030,0.0,0.0,0.0,2.020,97.980,0.0,0.0,0.0,0.0,2.020,93.939,4.040,0.0,0.0,140525568.0,131301376.0,349048832.0,49118162944.0,0.0,86016.0,7.200,0.0,10.0
1519468530.731,2.267,1.008,96.725,0.0,0.0,0.0,13.265,1.020,85.714,0.0,0.0,0.0,1.010,1.010,97.980,0.0,0.0,0.0,1.0,1.0,98.0,0.0,0.0,0.0,0.0,1.010,98.990,0.0,0.0,0.0,0.0,2.0,98.0,0.0,0.0,0.0,1.010,2.020,96.970,0.0,0.0,0.0,1.020,1.020,97.959,0.0,0.0,0.0,0.0,0.0,100.0,0.0,0.0,0.0,140525568.0,131257344.0,349057024.0,49118265344.0,0.0,90112.0,0.0,0.0,20.0
1519468531.731,2.628,2.128,94.743,0.501,0.0,0.0,1.0,2.0,93.0,4.0,0.0,0.0,1.0,3.0,96.0,0.0,0.0,0.0,1.0,1.0,98.0,0.0,0.0,0.0,2.020,0.0,97.980,0.0,0.0,0.0,12.121,3.030,84.848,0.0,0.0,0.0,0.0,1.0,99.0,0.0,0.0,0.0,2.0,3.0,95.0,0.0,0.0,0.0,2.020,2.020,95.960,0.0,0.0,0.0,140525568.0,131300352.0,349048832.0,49118162944.0,0.0,94208.0,4.800,0.0,7.0
1519468532.731,2.384,1.129,95.483,1.004,0.0,0.0,14.0,2.0,84.0,0.0,0.0,0.0,1.0,2.0,92.0,5.0,0.0,0.0,0.0,1.010,98.990,0.0,0.0,0.0,0.990,0.990,94.059,3.960,0.0,0.0,0.0,0.0,100.0,0.0,0.0,0.0,2.970,0.990,96.040,0.0,0.0,0.0,0.0,1.010,98.990,0.0,0.0,0.0,0.0,2.020,97.980,0.0,0.0,0.0,137428992.0,128171520.0,349052928.0,49122734080.0,0.0,184320.0,11.600,0.0,13.0
1519468533.731,2.136,1.131,95.729,1.005,0.0,0.0,1.0,1.0,98.0,0.0,0.0,0.0,12.871,2.970,84.158,0.0,0.0,0.0,0.0,1.0,99.0,0.0,0.0,0.0,0.0,1.0,99.0,0.0,0.0,0.0,0.0,1.0,99.0,0.0,0.0,0.0,1.010,0.0,94.949,4.040,0.0,0.0,1.010,1.010,97.980,0.0,0.0,0.0,1.980,2.970,91.089,3.960,0.0,0.0,137428992.0,128178688.0,349052928.0,49122988032.0,0.0,81920.0,7.600,0.0,10.0
1519468534.731,2.005,1.253,95.865,0.877,0.0,0.0,1.010,0.0,98.990,0.0,0.0,0.0,0.0,1.020,98.980,0.0,0.0,0.0,0.0,0.0,100.0,0.0,0.0,0.0,1.010,2.020,96.970,0.0,0.0,0.0,1.0,0.0,99.0,0.0,0.0,0.0,12.871,3.960,80.198,2.970,0.0,0.0,0.0,0.990,99.010,0.0,0.0,0.0,0.0,0.0,95.960,4.040,0.0,0.0,137428992.0,128171520.0,349040640.0,49123147776.0,0.0,81920.0,6.400,0.0,10.0
1519468535.731,2.635,0.878,96.487,0.0,0.0,0.0,1.0,1.0,98.0,0.0,0.0,0.0,1.980,1.980,96.040,0.0,0.0,0.0,1.0,0.0,99.0,0.0,0.0,0.0,0.0,2.0,98.0,0.0,0.0,0.0,1.0,0.0,99.0,0.0,0.0,0.0,1.020,0.0,98.980,0.0,0.0,0.0,13.131,2.020,84.848,0.0,0.0,0.0,2.020,0.0,97.980,0.0,0.0,0.0,137428992.0,128171520.0,349052928.0,49122750464.0,0.0,86016.0,0.0,0.0,21.0
1519468536.731,2.645,1.511,95.466,0.378,0.0,0.0,1.0,1.0,98.0,0.0,0.0,0.0,1.020,2.041,96.939,0.0,0.0,0.0,1.020,0.0,98.980,0.0,0.0,0.0,2.0,2.0,96.0,0.0,0.0,0.0,13.131,2.020,84.848,0.0,0.0,0.0,0.0,2.020,94.949,3.030,0.0,0.0,1.010,0.0,98.990,0.0,0.0,0.0,2.020,3.030,94.949,0.0,0.0,0.0,137428992.0,128171520.0,349057024.0,49122525184.0,0.0,77824.0,3.200,0.0,7.0
1519468537.731,2.261,1.131,95.603,1.005,0.0,0.0,0.0,0.0,99.0,1.0,0.0,0.0,1.0,1.0,95.0,3.0,0.0,0.0,12.871,2.970,84.158,0.0,0.0,0.0,0.0,1.010,94.949,4.040,0.0,0.0,1.0,0.0,99.0,0.0,0.0,0.0,1.010,2.020,96.970,0.0,0.0,0.0,0.0,1.010,98.990,0.0,0.0,0.0,3.030,0.0,96.970,0.0,0.0,0.0,137428992.0,128182784.0,349057024.0,49122574336.0,0.0,188416.0,9.600,0.0,13.0
1519468538.731,2.128,1.252,95.620,1.001,0.0,0.0,0.0,1.010,98.990,0.0,0.0,0.0,0.0,0.0,100.0,0.0,0.0,0.0,11.111,3.030,85.859,0.0,0.0,0.0,0.0,1.010,98.990,0.0,0.0,0.0,0.990,1.980,97.030,0.0,0.0,0.0,0.990,2.970,92.079,3.960,0.0,0.0,1.010,0.0,98.990,0.0,0.0,0.0,0.990,0.990,95.050,2.970,0.0,0.0,137428992.0,128173568.0,349057024.0,49122496512.0,0.0,86016.0,7.600,0.0,10.0
1519468539.731,2.128,1.377,95.745,0.751,0.0,0.0,1.0,3.0,92.0,4.0,0.0,0.0,2.0,1.0,97.0,0.0,0.0,0.0,0.0,0.0,100.0,0.0,0.0,0.0,0.0,1.0,99.0,0.0,0.0,0.0,1.010,1.010,97.980,0.0,0.0,0.0,0.980,0.980,97.059,0.980,0.0,0.0,0.0,1.0,99.0,0.0,0.0,0.0,12.245,3.061,82.653,2.041,0.0,0.0,137428992.0,128172544.0,349052928.0,49123004416.0,0.0,90112.0,7.200,0.0,10.0
1519468540.731,2.138,1.006,96.855,0.0,0.0,0.0,0.0,1.0,99.0,0.0,0.0,0.0,0.990,1.980,97.030,0.0,0.0,0.0,1.010,1.010,97.980,0.0,0.0,0.0,0.0,0.0,100.0,0.0,0.0,0.0,0.0,0.0,100.0,0.0,0.0,0.0,12.245,3.061,84.694,0.0,0.0,0.0,0.0,0.0,100.0,0.0,0.0,0.0,3.0,1.0,96.0,0.0,0.0,0.0,137428992.0,128173568.0,349061120.0,49123545088.0,0.0,16384.0,0.0,0.0,4.0
1519468541.731,2.506,2.256,94.737,0.501,0.0,0.0,0.990,0.990,98.020,0.0,0.0,0.0,1.0,4.0,95.0,0.0,0.0,0.0,1.0,1.0,95.0,3.0,0.0,0.0,1.0,1.0,97.0,1.0,0.0,0.0,12.871,4.950,82.178,0.0,0.0,0.0,0.0,1.0,99.0,0.0,0.0,0.0,2.020,4.040,93.939,0.0,0.0,0.0,2.0,3.0,95.0,0.0,0.0,0.0,137428992.0,128172544.0,349052928.0,49122783232.0,0.0,77824.0,3.600,0.0,7.0
1519468542.731,1.754,1.378,95.614,1.253,0.0,0.0,1.0,0.0,99.0,0.0,0.0,0.0,0.0,2.0,92.0,6.0,0.0,0.0,12.0,4.0,84.0,0.0,0.0,0.0,1.0,1.0,95.0,3.0,0.0,0.0,1.010,1.010,97.980,0.0,0.0,0.0,0.0,0.0,100.0,0.0,0.0,0.0,0.0,2.020,97.980,0.0,0.0,0.0,0.0,1.0,99.0,0.0,0.0,0.0,137428992.0,128176640.0,349065216.0,49122402304.0,0.0,188416.0,10.400,0.0,13.0
1519468543.731,2.506,1.128,95.489,0.877,0.0,0.0,1.0,0.0,99.0,0.0,0.0,0.0,0.0,0.0,95.960,4.040,0.0,0.0,2.0,1.0,97.0,0.0,0.0,0.0,0.0,0.990,95.050,3.960,0.0,0.0,0.0,0.0,100.0,0.0,0.0,0.0,1.0,2.0,97.0,0.0,0.0,0.0,0.0,0.0,100.0,0.0,0.0,0.0,15.152,3.030,81.818,0.0,0.0,0.0,137428992.0,128171520.0,349057024.0,49122656256.0,0.0,86016.0,7.600,0.0,10.0
1519468544.731,2.010,1.131,95.854,1.005,0.0,0.0,0.0,1.010,98.990,0.0,0.0,0.0,0.0,1.0,94.0,5.0,0.0,0.0,2.0,1.0,97.0,0.0,0.0,0.0,0.0,2.020,94.949,3.030,0.0,0.0,12.121,2.020,85.859,0.0,0.0,0.0,1.020,0.0,98.980,0.0,0.0,0.0,0.0,0.0,100.0,0.0,0.0,0.0,0.0,1.020,98.980,0.0,0.0,0.0,137428992.0,128197120.0,349061120.0,49123368960.0,0.0,86016.0,7.200,0.0,10.0
1519468545.731,2.133,1.255,96.612,0.0,0.0,0.0,0.990,0.990,98.020,0.0,0.0,0.0,1.0,1.0,98.0,0.0,0.0,0.0,0.0,1.010,98.990,0.0,0.0,0.0,14.0,5.0,81.0,0.0,0.0,0.0,0.0,1.0,99.0,0.0,0.0,0.0,1.0,1.0,98.0,0.0,0.0,0.0,0.0,0.0,100.0,0.0,0.0,0.0,0.990,0.990,98.020,0.0,0.0,0.0,137428992.0,128197120.0,349061120.0,49124163584.0,0.0,16384.0,0.0,0.0,4.0
1519468546.731,2.764,1.508,95.226,0.503,0.0,0.0,1.010,0.0,98.990,0.0,0.0,0.0,14.141,3.030,78.788,4.040,0.0,0.0,2.0,3.0,95.0,0.0,0.0,0.0,2.020,1.010,96.970,0.0,0.0,0.0,1.0,1.0,98.0,0.0,0.0,0.0,1.0,3.0,96.0,0.0,0.0,0.0,0.0,0.0,100.0,0.0,0.0,0.0,1.010,1.010,97.980,0.0,0.0,0.0,137428992.0,128201216.0,349065216.0,49125367808.0,0.0,65536.0,4.0,0.0,7.0
1519468547.731,2.130,1.378,94.737,1.629,0.0,0.125,13.0,2.0,85.0,0.0,0.0,0.0,1.0,2.0,91.0,6.0,0.0,0.0,0.0,0.0,100.0,0.0,0.0,0.0,0.0,1.010,91.919,7.071,0.0,0.0,0.0,0.0,100.0,0.0,0.0,0.0,1.0,2.0,97.0,0.0,0.0,0.0,1.0,1.0,98.0,0.0,0.0,0.0,0.990,1.980,96.040,0.0,0.0,0.990,137428992.0,128205312.0,349048832.0,49124433920.0,0.0,217088.0,18.800,0.0,19.0
1519468548.731,2.005,1.253,96.366,0.376,0.0,0.0,2.020,0.0,97.980,0.0,0.0,0.0,0.0,0.990,96.040,2.970,0.0,0.0,13.0,2.0,85.0,0.0,0.0,0.0,2.0,1.0,97.0,0.0,0.0,0.0,0.0,1.0,99.0,0.0,0.0,0.0,0.0,4.0,96.0,0.0,0.0,0.0,0.0,0.0,100.0,0.0,0.0,0.0,0.0,1.0,99.0,0.0,0.0,0.0,137428992.0,128197120.0,349065216.0,49124433920.0,0.0,106496.0,8.400,0.0,10.0
1519468549.731,2.500,3.375,93.375,0.750,0.0,0.0,11.881,4.950,83.168,0.0,0.0,0.0,1.020,1.020,93.878,3.061,0.0,1.020,0.990,2.970,96.040,0.0,0.0,0.0,1.0,6.0,90.0,3.0,0.0,0.0,0.0,3.960,96.040,0.0,0.0,0.0,1.0,3.0,96.0,0.0,0.0,0.0,0.990,2.970,96.040,0.0,0.0,0.0,1.020,4.082,94.898,0.0,0.0,0.0,137428992.0,128202240.0,349057024.0,49125531648.0,0.0,16384.0,0.0,0.0,4.0
1519468550.731,2.005,1.378,96.617,0.0,0.0,0.0,0.0,1.010,98.990,0.0,0.0,0.0,1.0,3.0,96.0,0.0,0.0,0.0,1.961,1.961,96.078,0.0,0.0,0.0,1.0,2.0,97.0,0.0,0.0,0.0,0.0,0.0,100.0,0.0,0.0,0.0,13.131,2.020,84.848,0.0,0.0,0.0,0.0,0.0,100.0,0.0,0.0,0.0,1.0,0.0,99.0,0.0,0.0,0.0,137428992.0,128180736.0,349069312.0,49125277696.0,0.0,16384.0,0.400,0.0,4.0
1519468551.731,2.740,2.366,94.271,0.623,0.0,0.0,1.980,1.980,96.040,0.0,0.0,0.0,15.0,5.0,80.0,0.0,0.0,0.0,1.942,2.913,95.146,0.0,0.0,0.0,0.0,2.041,97.959,0.0,0.0,0.0,0.990,0.990,98.020,0.0,0.0,0.0,1.980,2.970,91.089,3.960,0.0,0.0,0.0,1.010,98.990,0.0,0.0,0.0,0.0,3.0,97.0,0.0,0.0,0.0,137428992.0,128173568.0,349073408.0,49122959360.0,0.0,69632.0,4.400,0.0,7.0
1519468552.731,2.261,1.508,95.352,0.879,0.0,0.0,0.0,2.020,97.980,0.0,0.0,0.0,0.0,0.0,96.0,4.0,0.0,0.0,12.121,2.020,85.859,0.0,0.0,0.0,1.0,1.0,94.0,4.0,0.0,0.0,0.0,1.020,98.980,0.0,0.0,0.0,0.0,1.010,98.990,0.0,0.0,0.0,2.0,3.0,95.0,0.0,0.0,0.0,1.010,1.010,97.980,0.0,0.0,0.0,137428992.0,128172544.0,349097984.0,49122451456.0,0.0,241664.0,17.200,0.0,19.0
1519468553.731,1.754,1.504,95.865,0.877,0.0,0.0,1.0,2.0,97.0,0.0,0.0,0.0,1.0,0.0,96.0,3.0,0.0,0.0,0.990,1.980,97.030,0.0,0.0,0.0,0.0,1.0,95.0,4.0,0.0,0.0,12.0,4.0,84.0,0.0,0.0,0.0,0.990,0.0,99.010,0.0,0.0,0.0,1.010,2.020,96.970,0.0,0.0,0.0,0.0,2.0,98.0,0.0,0.0,0.0,137428992.0,128173568.0,349106176.0,49123086336.0,0.0,61440.0,2.400,0.0,5.0
1519468554.731,2.005,1.378,95.489,1.128,0.0,0.0,12.0,3.0,85.0,0.0,0.0,0.0,0.0,0.0,95.918,4.082,0.0,0.0,0.0,1.010,98.990,0.0,0.0,0.0,1.0,0.0,94.0,5.0,0.0,0.0,1.0,3.0,96.0,0.0,0.0,0.0,0.0,0.0,100.0,0.0,0.0,0.0,1.0,3.0,96.0,0.0,0.0,0.0,0.0,0.0,100.0,0.0,0.0,0.0,137428992.0,128172544.0,349097984.0,49122451456.0,0.0,61440.0,7.200,0.0,9.0
1519468555.731,2.136,1.256,96.608,0.0,0.0,0.0,0.0,1.010,98.990,0.0,0.0,0.0,1.0,1.0,98.0,0.0,0.0,0.0,11.0,4.0,85.0,0.0,0.0,0.0,0.0,0.0,100.0,0.0,0.0,0.0,1.010,0.0,98.990,0.0,0.0,0.0,1.010,1.010,97.980,0.0,0.0,0.0,0.0,0.0,100.0,0.0,0.0,0.0,1.980,2.970,95.050,0.0,0.0,0.0,137428992.0,128172544.0,349106176.0,49122197504.0,0.0,16384.0,0.0,0.0,4.0
1519468556.731,2.130,1.754,95.739,0.376,0.0,0.0,0.0,0.0,100.0,0.0,0.0,0.0,0.990,1.980,97.030,0.0,0.0,0.0,0.990,2.970,96.040,0.0,0.0,0.0,11.224,4.082,81.633,3.061,0.0,0.0,0.0,1.0,99.0,0.0,0.0,0.0,1.0,2.0,97.0,0.0,0.0,0.0,1.0,1.0,98.0,0.0,0.0,0.0,2.020,2.020,95.960,0.0,0.0,0.0,137428992.0,128133632.0,349110272.0,49122451456.0,0.0,172032.0,3.200,0.0,24.0
1519468557.731,2.387,1.759,94.724,1.131,0.0,0.0,3.960,3.960,92.079,0.0,0.0,0.0,0.0,0.0,94.949,5.051,0.0,0.0,0.0,0.0,98.990,1.010,0.0,0.0,11.111,3.030,82.828,3.030,0.0,0.0,0.0,1.0,99.0,0.0,0.0,0.0,2.020,2.020,95.960,0.0,0.0,0.0,0.0,0.0,100.0,0.0,0.0,0.0,1.010,2.020,96.970,0.0,0.0,0.0,137428992.0,128172544.0,349138944.0,49122242560.0,0.0,225280.0,10.400,0.0,13.0
1519468558.731,2.015,1.008,96.096,0.882,0.0,0.0,0.0,0.0,100.0,0.0,0.0,0.0,1.0,0.0,96.0,3.0,0.0,0.0,1.010,0.0,98.990,0.0,0.0,0.0,0.0,1.010,94.949,4.040,0.0,0.0,1.0,1.0,98.0,0.0,0.0,0.0,1.0,3.0,96.0,0.0,0.0,0.0,0.0,2.020,97.980,0.0,0.0,0.0,13.131,1.010,85.859,0.0,0.0,0.0,137428992.0,128178688.0,349147136.0,49122418688.0,0.0,81920.0,7.600,0.0,10.0
1519468559.730,2.130,1.253,95.614,1.003,0.0,0.0,0.990,1.980,97.030,0.0,0.0,0.0,0.0,2.0,95.0,3.0,0.0,0.0,2.020,2.020,95.960,0.0,0.0,0.0,1.0,0.0,95.0,4.0,0.0,0.0,2.0,1.0,97.0,0.0,0.0,0.0,1.0,1.0,98.0,0.0,0.0,0.0,11.0,4.0,85.0,0.0,0.0,0.0,0.0,0.0,100.0,0.0,0.0,0.0,137428992.0,128172544.0,349138944.0,49122799616.0,0.0,81920.0,7.600,0.0,10.0
1519468560.731,2.256,1.253,96.491,0.0,0.0,0.0,0.0,1.020,98.980,0.0,0.0,0.0,0.0,1.020,98.980,0.0,0.0,0.0,0.0,0.0,100.0,0.0,0.0,0.0,0.0,1.0,99.0,0.0,0.0,0.0,1.0,2.0,97.0,0.0,0.0,0.0,0.0,0.0,100.0,0.0,0.0,0.0,1.0,1.0,98.0,0.0,0.0,0.0,15.0,3.0,82.0,0.0,0.0,0.0,137428992.0,128172544.0,349151232.0,49122242560.0,0.0,16384.0,0.0,0.0,4.0
1519468561.731,1.887,1.509,96.101,0.503,0.0,0.0,1.010,1.010,97.980,0.0,0.0,0.0,1.0,1.0,98.0,0.0,0.0,0.0,1.980,3.960,94.059,0.0,0.0,0.0,1.0,0.0,95.0,4.0,0.0,0.0,0.0,0.0,100.0,0.0,0.0,0.0,12.121,2.020,85.859,0.0,0.0,0.0,0.0,1.0,99.0,0.0,0.0,0.0,0.0,2.020,97.980,0.0,0.0,0.0,137428992.0,128180736.0,349143040.0,49122926592.0,0.0,73728.0,4.0,0.0,7.0
1519468562.731,2.500,1.875,94.625,1.0,0.0,0.0,1.0,3.0,96.0,0.0,0.0,0.0,0.0,3.0,89.0,8.0,0.0,0.0,0.0,1.010,98.990,0.0,0.0,0.0,13.0,3.0,84.0,0.0,0.0,0.0,1.961,1.961,96.078,0.0,0.0,0.0,1.0,2.0,97.0,0.0,0.0,0.0,1.0,2.0,97.0,0.0,0.0,0.0,0.0,1.0,99.0,0.0,0.0,0.0,137428992.0,128172544.0,349188096.0,49121763328.0,0.0,188416.0,10.800,0.0,13.0
1519468563.731,2.258,1.129,95.734,0.878,0.0,0.0,0.990,1.980,97.030,0.0,0.0,0.0,0.0,1.980,94.059,3.960,0.0,0.0,1.961,0.980,97.059,0.0,0.0,0.0,0.0,0.0,96.0,4.0,0.0,0.0,0.0,0.0,100.0,0.0,0.0,0.0,13.0,2.0,85.0,0.0,0.0,0.0,2.020,3.030,94.949,0.0,0.0,0.0,1.0,0.0,99.0,0.0,0.0,0.0,137428992.0,128178688.0,349179904.0,49122672640.0,0.0,86016.0,6.800,0.0,10.0
1519468564.731,2.253,1.252,95.494,1.001,0.0,0.0,0.0,1.0,98.0,1.0,0.0,0.0,0.0,1.010,94.949,4.040,0.0,0.0,2.020,2.020,95.960,0.0,0.0,0.0,0.0,0.0,96.939,3.061,0.0,0.0,14.0,2.0,84.0,0.0,0.0,0.0,0.0,2.0,98.0,0.0,0.0,0.0,0.0,0.0,100.0,0.0,0.0,0.0,0.0,0.0,100.0,0.0,0.0,0.0,137428992.0,128172544.0,349179904.0,49122418688.0,0.0,90112.0,7.600,0.0,10.0
1519468565.731,2.378,1.252,96.370,0.0,0.0,0.0,1.980,1.980,96.040,0.0,0.0,0.0,1.010,0.0,98.990,0.0,0.0,0.0,14.0,2.0,84.0,0.0,0.0,0.0,0.980,0.980,98.039,0.0,0.0,0.0,0.0,1.0,99.0,0.0,0.0,0.0,1.010,1.010,97.980,0.0,0.0,0.0,1.980,1.980,96.040,0.0,0.0,0.0,0.990,1.980,97.030,0.0,0.0,0.0,137428992.0,128182784.0,349188096.0,49122037760.0,0.0,16384.0,0.0,0.0,4.0
1519468566.731,2.010,1.508,95.980,0.503,0.0,0.0,0.0,0.0,100.0,0.0,0.0,0.0,1.0,2.0,97.0,0.0,0.0,0.0,1.010,0.0,98.990,0.0,0.0,0.0,11.224,3.061,81.633,4.082,0.0,0.0,0.0,0.0,100.0,0.0,0.0,0.0,0.0,2.0,98.0,0.0,0.0,0.0,0.0,1.0,99.0,0.0,0.0,0.0,1.0,3.0,96.0,0.0,0.0,0.0,137428992.0,128172544.0,349175808.0,49123258368.0,0.0,176128.0,4.400,0.0,28.0
